aroE_5	100.000	498	0	0	1	498	498	0.0	920
aroE_340	99.799	497	1	0	1	498	498	0.0	915
aroE_331	99.799	497	1	0	1	498	498	0.0	915
aroE_327	99.799	497	1	0	1	498	498	0.0	915
aroE_325	99.799	497	1	0	1	498	498	0.0	915
aroE_316	99.799	497	1	0	1	498	498	0.0	915
aroE_314	99.799	497	1	0	1	498	498	0.0	915
aroE_312	99.799	497	1	0	1	498	498	0.0	915
aroE_306	99.799	497	1	0	1	498	498	0.0	915
aroE_301	99.799	497	1	0	1	498	498	0.0	915
aroE_299	99.799	497	1	0	1	498	498	0.0	915
aroE_297	99.799	497	1	0	1	498	498	0.0	915
aroE_295	99.799	497	1	0	1	498	498	0.0	915
aroE_294	99.799	497	1	0	1	498	498	0.0	915
aroE_289	99.799	497	1	0	1	498	498	0.0	915
aroE_284	99.799	497	1	0	1	498	498	0.0	915
aroE_278	99.799	497	1	0	1	498	498	0.0	915
aroE_276	99.799	497	1	0	1	498	498	0.0	915
aroE_274	99.799	497	1	0	1	498	498	0.0	915
aroE_268	99.799	497	1	0	1	498	498	0.0	915
aroE_266	99.799	497	1	0	1	498	498	0.0	915
aroE_263	99.799	497	1	0	1	498	498	0.0	915
aroE_260	99.799	497	1	0	1	498	498	0.0	915
aroE_259	99.799	497	1	0	1	498	498	0.0	915
aroE_255	99.799	497	1	0	1	498	498	0.0	915
aroE_245	99.799	497	1	0	1	498	498	0.0	915
aroE_243	99.799	497	1	0	1	498	498	0.0	915
aroE_241	99.799	497	1	0	1	498	498	0.0	915
aroE_238	99.799	497	1	0	1	498	498	0.0	915
aroE_233	99.799	497	1	0	1	498	498	0.0	915
aroE_232	99.799	497	1	0	1	498	498	0.0	915
aroE_229	99.799	497	1	0	1	498	498	0.0	915
aroE_226	99.799	497	1	0	1	498	498	0.0	915
aroE_225	99.799	497	1	0	1	498	498	0.0	915
aroE_223	99.799	497	1	0	1	498	498	0.0	915
aroE_222	99.799	497	1	0	1	498	498	0.0	915
aroE_217	99.799	497	1	0	1	498	498	0.0	915
aroE_216	99.799	497	1	0	1	498	498	0.0	915
aroE_210	99.799	497	1	0	1	498	498	0.0	915
aroE_199	99.799	497	1	0	1	498	498	0.0	915
aroE_196	99.799	497	1	0	1	498	498	0.0	915
aroE_193	99.799	497	1	0	1	498	498	0.0	915
aroE_192	99.799	497	1	0	1	498	498	0.0	915
aroE_189	99.799	497	1	0	1	498	498	0.0	915
aroE_187	99.799	497	1	0	1	498	498	0.0	915
aroE_184	99.799	497	1	0	1	498	498	0.0	915
aroE_181	99.799	497	1	0	1	498	498	0.0	915
aroE_172	99.799	497	1	0	1	498	498	0.0	915
aroE_169	99.799	497	1	0	1	498	498	0.0	915
aroE_166	99.799	497	1	0	1	498	498	0.0	915
aroE_162	99.799	497	1	0	1	498	498	0.0	915
aroE_155	99.799	497	1	0	1	498	498	0.0	915
aroE_150	99.799	497	1	0	1	498	498	0.0	915
aroE_143	99.799	497	1	0	1	498	498	0.0	915
aroE_140	99.799	497	1	0	1	498	498	0.0	915
aroE_138	99.799	497	1	0	1	498	498	0.0	915
aroE_136	99.799	497	1	0	1	498	498	0.0	915
aroE_135	99.799	497	1	0	1	498	498	0.0	915
aroE_133	99.799	497	1	0	1	498	498	0.0	915
aroE_132	99.799	497	1	0	1	498	498	0.0	915
aroE_127	99.799	497	1	0	1	498	498	0.0	915
aroE_125	99.799	497	1	0	1	498	498	0.0	915
aroE_123	99.799	497	1	0	1	498	498	0.0	915
aroE_112	99.799	497	1	0	1	498	498	0.0	915
aroE_105	99.799	497	1	0	1	498	498	0.0	915
aroE_101	99.799	497	1	0	1	498	498	0.0	915
aroE_94	99.799	497	1	0	1	498	498	0.0	915
aroE_89	99.799	497	1	0	1	498	498	0.0	915
aroE_85	99.799	497	1	0	1	498	498	0.0	915
aroE_83	99.799	497	1	0	1	498	498	0.0	915
aroE_76	99.799	497	1	0	1	498	498	0.0	915
aroE_74	99.799	497	1	0	1	498	498	0.0	915
aroE_72	99.799	497	1	0	1	498	498	0.0	915
aroE_69	99.799	497	1	0	1	498	498	0.0	915
aroE_57	99.799	497	1	0	1	498	498	0.0	915
aroE_55	99.799	497	1	0	1	498	498	0.0	915
aroE_53	99.799	497	1	0	1	498	498	0.0	915
aroE_49	99.799	497	1	0	1	498	498	0.0	915
aroE_48	99.799	497	1	0	1	498	498	0.0	915
aroE_47	99.799	497	1	0	1	498	498	0.0	915
aroE_45	99.799	497	1	0	1	498	498	0.0	915
aroE_44	99.799	497	1	0	1	498	498	0.0	915
aroE_40	99.799	497	1	0	1	498	498	0.0	915
aroE_35	99.799	497	1	0	1	498	498	0.0	915
aroE_33	99.799	497	1	0	1	498	498	0.0	915
aroE_32	99.799	497	1	0	1	498	498	0.0	915
aroE_28	99.799	497	1	0	1	498	498	0.0	915
aroE_27	99.799	497	1	0	1	498	498	0.0	915
aroE_24	99.799	497	1	0	1	498	498	0.0	915
aroE_20	99.799	497	1	0	1	498	498	0.0	915
aroE_19	99.799	497	1	0	1	498	498	0.0	915
aroE_10	99.799	497	1	0	1	498	498	0.0	915
aroE_2	99.799	497	1	0	1	498	498	0.0	915
aroE_335	99.598	496	2	0	1	498	498	0.0	909
aroE_334	99.598	496	2	0	1	498	498	0.0	909
aroE_330	99.598	496	2	0	1	498	498	0.0	909
aroE_319	99.598	496	2	0	1	498	498	0.0	909
aroE_302	99.598	496	2	0	1	498	498	0.0	909
aroE_300	99.598	496	2	0	1	498	498	0.0	909
aroE_293	99.598	496	2	0	1	498	498	0.0	909
aroE_292	99.598	496	2	0	1	498	498	0.0	909
aroE_286	99.598	496	2	0	1	498	498	0.0	909
aroE_285	99.598	496	2	0	1	498	498	0.0	909
aroE_282	99.598	496	2	0	1	498	498	0.0	909
aroE_265	99.598	496	2	0	1	498	498	0.0	909
aroE_258	99.598	496	2	0	1	498	498	0.0	909
aroE_257	99.598	496	2	0	1	498	498	0.0	909
aroE_256	99.598	496	2	0	1	498	498	0.0	909
aroE_254	99.598	496	2	0	1	498	498	0.0	909
aroE_244	99.598	496	2	0	1	498	498	0.0	909
aroE_242	99.598	496	2	0	1	498	498	0.0	909
aroE_224	99.598	496	2	0	1	498	498	0.0	909
aroE_220	99.598	496	2	0	1	498	498	0.0	909
aroE_204	99.598	496	2	0	1	498	498	0.0	909
aroE_178	99.598	496	2	0	1	498	498	0.0	909
aroE_176	99.598	496	2	0	1	498	498	0.0	909
aroE_161	99.598	496	2	0	1	498	498	0.0	909
aroE_147	99.598	496	2	0	1	498	498	0.0	909
aroE_129	99.598	496	2	0	1	498	498	0.0	909
aroE_107	99.598	496	2	0	1	498	498	0.0	909
aroE_103	99.598	496	2	0	1	498	498	0.0	909
aroE_100	99.598	496	2	0	1	498	498	0.0	909
aroE_84	99.598	496	2	0	1	498	498	0.0	909
aroE_73	99.598	496	2	0	1	498	498	0.0	909
aroE_71	99.598	496	2	0	1	498	498	0.0	909
aroE_68	99.598	496	2	0	1	498	498	0.0	909
aroE_63	99.598	496	2	0	1	498	498	0.0	909
aroE_46	99.598	496	2	0	1	498	498	0.0	909
aroE_41	99.598	496	2	0	1	498	498	0.0	909
aroE_18	99.598	496	2	0	1	498	498	0.0	909
aroE_280	99.398	495	3	0	1	498	498	0.0	904
aroE_279	99.398	495	3	0	1	498	498	0.0	904
aroE_277	99.398	495	3	0	1	498	498	0.0	904
aroE_267	99.398	495	3	0	1	498	498	0.0	904
aroE_247	99.398	495	3	0	1	498	498	0.0	904
aroE_246	99.398	495	3	0	1	498	498	0.0	904
aroE_235	99.398	495	3	0	1	498	498	0.0	904
aroE_231	99.398	495	3	0	1	498	498	0.0	904
aroE_230	99.398	495	3	0	1	498	498	0.0	904
aroE_202	99.398	495	3	0	1	498	498	0.0	904
aroE_160	99.398	495	3	0	1	498	498	0.0	904
aroE_130	99.398	495	3	0	1	498	498	0.0	904
aroE_122	99.398	495	3	0	1	498	498	0.0	904
aroE_36	99.398	495	3	0	1	498	498	0.0	904
aroE_249	99.197	494	4	0	1	498	498	0.0	898
aroE_239	99.197	494	4	0	1	498	498	0.0	898
aroE_234	99.197	494	4	0	1	498	498	0.0	898
aroE_22	99.197	494	4	0	1	498	498	0.0	898
aroE_342	98.996	493	5	0	1	498	498	0.0	893
aroE_339	98.996	493	5	0	1	498	498	0.0	893
aroE_338	98.996	493	5	0	1	498	498	0.0	893
aroE_333	98.996	493	5	0	1	498	498	0.0	893
aroE_329	98.996	493	5	0	1	498	498	0.0	893
aroE_324	98.996	493	5	0	1	498	498	0.0	893
aroE_308	98.996	493	5	0	1	498	498	0.0	893
aroE_298	98.996	493	5	0	1	498	498	0.0	893
aroE_283	98.996	493	5	0	1	498	498	0.0	893
aroE_236	98.996	493	5	0	1	498	498	0.0	893
aroE_38	98.996	493	5	0	1	498	498	0.0	893
aroE_25	98.996	493	5	0	1	498	498	0.0	893
aroE_296	98.795	492	6	0	1	498	498	0.0	887
aroE_261	98.795	492	6	0	1	498	498	0.0	887
aroE_206	98.795	492	6	0	1	498	498	0.0	887
aroE_188	98.795	492	6	0	1	498	498	0.0	887
aroE_145	98.795	492	6	0	1	498	498	0.0	887
aroE_80	98.795	492	6	0	1	498	498	0.0	887
aroE_323	98.594	491	7	0	1	498	498	0.0	881
aroE_322	98.594	491	7	0	1	498	498	0.0	881
aroE_252	98.594	491	7	0	1	498	498	0.0	881
aroE_240	98.594	491	7	0	1	498	498	0.0	881
aroE_174	98.594	491	7	0	1	498	498	0.0	881
aroE_151	98.594	491	7	0	1	498	498	0.0	881
aroE_97	98.594	491	7	0	1	498	498	0.0	881
aroE_21	98.594	491	7	0	1	498	498	0.0	881
aroE_6	98.594	491	7	0	1	498	498	0.0	881
aroE_288	98.394	490	8	0	1	498	498	0.0	876
aroE_271	98.394	490	8	0	1	498	498	0.0	876
aroE_237	98.394	490	8	0	1	498	498	0.0	876
aroE_183	98.394	490	8	0	1	498	498	0.0	876
aroE_177	98.394	490	8	0	1	498	498	0.0	876
aroE_139	98.394	490	8	0	1	498	498	0.0	876
aroE_137	98.394	490	8	0	1	498	498	0.0	876
aroE_88	98.394	490	8	0	1	498	498	0.0	876
aroE_66	98.394	490	8	0	1	498	498	0.0	876
aroE_311	98.193	489	9	0	1	498	498	0.0	870
aroE_209	98.193	489	9	0	1	498	498	0.0	870
aroE_95	98.193	489	9	0	1	498	498	0.0	870
aroE_91	98.193	489	9	0	1	498	498	0.0	870
aroE_82	98.193	489	9	0	1	498	498	0.0	870
aroE_75	98.193	489	9	0	1	498	498	0.0	870
aroE_29	98.193	489	9	0	1	498	498	0.0	870
aroE_17	98.193	489	9	0	1	498	498	0.0	870
aroE_250	97.992	488	10	0	1	498	498	0.0	865
aroE_194	97.992	488	10	0	1	498	498	0.0	865
aroE_173	97.992	488	10	0	1	498	498	0.0	865
aroE_168	97.992	488	10	0	1	498	498	0.0	865
aroE_131	97.992	488	10	0	1	498	498	0.0	865
aroE_126	97.992	488	10	0	1	498	498	0.0	865
aroE_120	97.992	488	10	0	1	498	498	0.0	865
aroE_99	97.992	488	10	0	1	498	498	0.0	865
aroE_92	97.992	488	10	0	1	498	498	0.0	865
aroE_81	97.992	488	10	0	1	498	498	0.0	865
aroE_52	97.992	488	10	0	1	498	498	0.0	865
aroE_43	97.992	488	10	0	1	498	498	0.0	865
aroE_31	97.992	488	10	0	1	498	498	0.0	865
aroE_11	97.992	488	10	0	1	498	498	0.0	865
aroE_4	97.992	488	10	0	1	498	498	0.0	865
aroE_341	97.791	487	11	0	1	498	498	0.0	859
aroE_337	97.791	487	11	0	1	498	498	0.0	859
aroE_336	97.791	487	11	0	1	498	498	0.0	859
aroE_321	97.791	487	11	0	1	498	498	0.0	859
aroE_320	97.791	487	11	0	1	498	498	0.0	859
aroE_315	97.791	487	11	0	1	498	498	0.0	859
aroE_310	97.791	487	11	0	1	498	498	0.0	859
aroE_305	97.791	487	11	0	1	498	498	0.0	859
aroE_275	97.791	487	11	0	1	498	498	0.0	859
aroE_264	97.791	487	11	0	1	498	498	0.0	859
aroE_228	97.791	487	11	0	1	498	498	0.0	859
aroE_221	97.791	487	11	0	1	498	498	0.0	859
aroE_219	97.791	487	11	0	1	498	498	0.0	859
aroE_214	97.791	487	11	0	1	498	498	0.0	859
aroE_213	97.791	487	11	0	1	498	498	0.0	859
aroE_208	97.791	487	11	0	1	498	498	0.0	859
aroE_175	97.791	487	11	0	1	498	498	0.0	859
aroE_171	97.791	487	11	0	1	498	498	0.0	859
aroE_159	97.791	487	11	0	1	498	498	0.0	859
aroE_158	97.791	487	11	0	1	498	498	0.0	859
aroE_157	97.791	487	11	0	1	498	498	0.0	859
aroE_156	97.791	487	11	0	1	498	498	0.0	859
aroE_154	97.791	487	11	0	1	498	498	0.0	859
aroE_98	97.791	487	11	0	1	498	498	0.0	859
aroE_93	97.791	487	11	0	1	498	498	0.0	859
aroE_78	97.791	487	11	0	1	498	498	0.0	859
aroE_67	97.791	487	11	0	1	498	498	0.0	859
aroE_64	97.791	487	11	0	1	498	498	0.0	859
aroE_60	97.791	487	11	0	1	498	498	0.0	859
aroE_59	97.791	487	11	0	1	498	498	0.0	859
aroE_39	97.791	487	11	0	1	498	498	0.0	859
aroE_26	97.791	487	11	0	1	498	498	0.0	859
aroE_8	97.791	487	11	0	1	498	498	0.0	859
aroE_7	97.791	487	11	0	1	498	498	0.0	859
aroE_326	97.590	486	12	0	1	498	498	0.0	854
aroE_273	97.590	486	12	0	1	498	498	0.0	854
aroE_270	97.590	486	12	0	1	498	498	0.0	854
aroE_251	97.590	486	12	0	1	498	498	0.0	854
aroE_211	97.590	486	12	0	1	498	498	0.0	854
aroE_190	97.590	486	12	0	1	498	498	0.0	854
aroE_182	97.590	486	12	0	1	498	498	0.0	854
aroE_170	97.590	486	12	0	1	498	498	0.0	854
aroE_163	97.590	486	12	0	1	498	498	0.0	854
aroE_152	97.590	486	12	0	1	498	498	0.0	854
aroE_149	97.590	486	12	0	1	498	498	0.0	854
aroE_102	97.590	486	12	0	1	498	498	0.0	854
aroE_96	97.590	486	12	0	1	498	498	0.0	854
aroE_77	97.590	486	12	0	1	498	498	0.0	854
aroE_61	97.590	486	12	0	1	498	498	0.0	854
aroE_56	97.590	486	12	0	1	498	498	0.0	854
aroE_54	97.590	486	12	0	1	498	498	0.0	854
aroE_51	97.590	486	12	0	1	498	498	0.0	854
aroE_50	97.590	486	12	0	1	498	498	0.0	854
aroE_30	97.590	486	12	0	1	498	498	0.0	854
aroE_14	97.590	486	12	0	1	498	498	0.0	854
aroE_9	97.590	486	12	0	1	498	498	0.0	854
aroE_3	97.590	486	12	0	1	498	498	0.0	854
aroE_1	97.590	486	12	0	1	498	498	0.0	854
aroE_332	97.390	485	13	0	1	498	498	0.0	848
aroE_318	97.390	485	13	0	1	498	498	0.0	848
aroE_317	97.390	485	13	0	1	498	498	0.0	848
aroE_309	97.390	485	13	0	1	498	498	0.0	848
aroE_304	97.390	485	13	0	1	498	498	0.0	848
aroE_303	97.390	485	13	0	1	498	498	0.0	848
aroE_291	97.390	485	13	0	1	498	498	0.0	848
aroE_290	97.390	485	13	0	1	498	498	0.0	848
aroE_281	97.390	485	13	0	1	498	498	0.0	848
aroE_253	97.390	485	13	0	1	498	498	0.0	848
aroE_227	97.390	485	13	0	1	498	498	0.0	848
aroE_218	97.390	485	13	0	1	498	498	0.0	848
aroE_212	97.390	485	13	0	1	498	498	0.0	848
aroE_200	97.390	485	13	0	1	498	498	0.0	848
aroE_191	97.390	485	13	0	1	498	498	0.0	848
aroE_186	97.390	485	13	0	1	498	498	0.0	848
aroE_185	97.390	485	13	0	1	498	498	0.0	848
aroE_167	97.390	485	13	0	1	498	498	0.0	848
aroE_165	97.390	485	13	0	1	498	498	0.0	848
aroE_153	97.390	485	13	0	1	498	498	0.0	848
aroE_146	97.390	485	13	0	1	498	498	0.0	848
aroE_142	97.390	485	13	0	1	498	498	0.0	848
aroE_134	97.390	485	13	0	1	498	498	0.0	848
aroE_128	97.390	485	13	0	1	498	498	0.0	848
aroE_124	97.390	485	13	0	1	498	498	0.0	848
aroE_121	97.390	485	13	0	1	498	498	0.0	848
aroE_87	97.390	485	13	0	1	498	498	0.0	848
aroE_86	97.390	485	13	0	1	498	498	0.0	848
aroE_62	97.390	485	13	0	1	498	498	0.0	848
aroE_37	97.390	485	13	0	1	498	498	0.0	848
aroE_23	97.390	485	13	0	1	498	498	0.0	848
aroE_15	97.390	485	13	0	1	498	498	0.0	848
aroE_13	97.390	485	13	0	1	498	498	0.0	848
aroE_307	97.189	484	14	0	1	498	498	0.0	843
aroE_248	97.189	484	14	0	1	498	498	0.0	843
aroE_215	97.189	484	14	0	1	498	498	0.0	843
aroE_203	97.189	484	14	0	1	498	498	0.0	843
aroE_141	97.189	484	14	0	1	498	498	0.0	843
aroE_58	97.189	484	14	0	1	498	498	0.0	843
aroE_16	97.189	484	14	0	1	498	498	0.0	843
aroE_12	97.189	484	14	0	1	498	498	0.0	843
aroE_328	96.988	483	15	0	1	498	498	0.0	837
aroE_287	96.988	483	15	0	1	498	498	0.0	837
aroE_269	96.988	483	15	0	1	498	498	0.0	837
aroE_201	96.988	483	15	0	1	498	498	0.0	837
aroE_164	96.994	484	14	1	1	499	499	0.0	837
aroE_343	96.787	482	16	0	1	498	498	0.0	832
aroE_79	96.586	481	17	0	1	498	498	0.0	826
aroE_104	96.386	480	18	0	1	498	498	0.0	821
trpE_7	100.000	443	0	0	1	443	443	0.0	819
mutL_3	100.000	442	0	0	442	1	442	0.0	817
aroE_144	96.185	479	19	0	1	498	498	0.0	815
aroE_106	96.185	479	19	0	1	498	498	0.0	815
trpE_308	99.774	442	1	0	1	443	443	0.0	813
trpE_302	99.774	442	1	0	1	443	443	0.0	813
trpE_268	99.774	442	1	0	1	443	443	0.0	813
trpE_264	99.774	442	1	0	1	443	443	0.0	813
trpE_262	99.774	442	1	0	1	443	443	0.0	813
trpE_261	99.774	442	1	0	1	443	443	0.0	813
trpE_259	99.774	442	1	0	1	443	443	0.0	813
trpE_239	99.774	442	1	0	1	443	443	0.0	813
trpE_238	99.774	442	1	0	1	443	443	0.0	813
trpE_233	99.774	442	1	0	1	443	443	0.0	813
trpE_221	99.774	442	1	0	1	443	443	0.0	813
trpE_216	99.774	442	1	0	1	443	443	0.0	813
trpE_215	99.774	442	1	0	1	443	443	0.0	813
trpE_213	99.774	442	1	0	1	443	443	0.0	813
trpE_209	99.774	442	1	0	1	443	443	0.0	813
trpE_207	99.774	442	1	0	1	443	443	0.0	813
trpE_204	99.774	442	1	0	1	443	443	0.0	813
trpE_194	99.774	442	1	0	1	443	443	0.0	813
trpE_190	99.774	442	1	0	1	443	443	0.0	813
trpE_178	100.000	440	0	0	1	440	440	0.0	813
trpE_176	99.774	442	1	0	1	443	443	0.0	813
trpE_173	99.774	442	1	0	1	443	443	0.0	813
trpE_153	99.774	442	1	0	1	443	443	0.0	813
trpE_152	99.774	442	1	0	1	443	443	0.0	813
trpE_151	99.774	442	1	0	1	443	443	0.0	813
trpE_150	99.774	442	1	0	1	443	443	0.0	813
trpE_148	99.774	442	1	0	1	443	443	0.0	813
trpE_141	99.774	442	1	0	1	443	443	0.0	813
trpE_137	99.774	442	1	0	1	443	443	0.0	813
trpE_121	99.774	442	1	0	1	443	443	0.0	813
trpE_116	99.774	442	1	0	1	443	443	0.0	813
trpE_82	99.774	442	1	0	1	443	443	0.0	813
trpE_79	99.774	442	1	0	1	443	443	0.0	813
trpE_76	99.774	442	1	0	1	443	443	0.0	813
trpE_74	99.774	442	1	0	1	443	443	0.0	813
trpE_68	99.774	442	1	0	1	443	443	0.0	813
trpE_58	99.774	442	1	0	1	443	443	0.0	813
trpE_45	99.774	442	1	0	1	443	443	0.0	813
trpE_41	99.774	442	1	0	1	443	443	0.0	813
trpE_38	99.774	442	1	0	1	443	443	0.0	813
trpE_30	99.774	442	1	0	1	443	443	0.0	813
trpE_20	99.774	442	1	0	1	443	443	0.0	813
trpE_18	99.774	442	1	0	1	443	443	0.0	813
trpE_17	99.774	442	1	0	1	443	443	0.0	813
trpE_2	99.774	442	1	0	1	443	443	0.0	813
trpE_1	99.774	442	1	0	1	443	443	0.0	813
mutL_297	99.774	441	1	0	442	1	442	0.0	811
mutL_295	99.774	441	1	0	442	1	442	0.0	811
mutL_286	100.000	439	0	0	439	1	439	0.0	811
mutL_282	99.774	441	1	0	442	1	442	0.0	811
mutL_280	99.774	441	1	0	442	1	442	0.0	811
mutL_279	99.774	441	1	0	442	1	442	0.0	811
mutL_278	99.774	441	1	0	442	1	442	0.0	811
mutL_274	99.774	442	0	1	443	1	443	0.0	811
mutL_272	99.774	441	1	0	442	1	442	0.0	811
mutL_271	99.774	441	1	0	442	1	442	0.0	811
mutL_267	99.774	441	1	0	442	1	442	0.0	811
mutL_265	99.774	441	1	0	442	1	442	0.0	811
mutL_253	99.774	441	1	0	442	1	442	0.0	811
mutL_246	99.774	441	1	0	442	1	442	0.0	811
mutL_241	99.774	441	1	0	442	1	442	0.0	811
mutL_237	99.774	441	1	0	442	1	442	0.0	811
mutL_231	99.774	441	1	0	442	1	442	0.0	811
mutL_223	99.774	441	1	0	442	1	442	0.0	811
mutL_209	99.774	441	1	0	442	1	442	0.0	811
mutL_207	99.774	441	1	0	442	1	442	0.0	811
mutL_206	99.774	441	1	0	442	1	442	0.0	811
mutL_204	99.774	441	1	0	442	1	442	0.0	811
mutL_200	99.774	441	1	0	442	1	442	0.0	811
mutL_196	99.774	441	1	0	442	1	442	0.0	811
mutL_192	99.774	441	1	0	442	1	442	0.0	811
mutL_190	99.774	441	1	0	442	1	442	0.0	811
mutL_182	99.774	441	1	0	442	1	442	0.0	811
mutL_180	99.774	441	1	0	442	1	442	0.0	811
mutL_177	99.774	441	1	0	442	1	442	0.0	811
mutL_175	99.774	441	1	0	442	1	442	0.0	811
mutL_169	99.774	441	1	0	442	1	442	0.0	811
mutL_167	99.774	441	1	0	442	1	442	0.0	811
mutL_161	99.774	441	1	0	442	1	442	0.0	811
mutL_159	99.774	441	1	0	442	1	442	0.0	811
mutL_157	99.774	441	1	0	442	1	442	0.0	811
mutL_154	99.774	441	1	0	442	1	442	0.0	811
mutL_152	99.774	441	1	0	442	1	442	0.0	811
mutL_150	99.774	441	1	0	442	1	442	0.0	811
mutL_148	99.774	441	1	0	442	1	442	0.0	811
mutL_146	99.774	441	1	0	442	1	442	0.0	811
mutL_145	99.774	441	1	0	442	1	442	0.0	811
mutL_143	99.774	441	1	0	442	1	442	0.0	811
mutL_138	99.774	441	1	0	442	1	442	0.0	811
mutL_137	99.774	441	1	0	442	1	442	0.0	811
mutL_134	99.774	441	1	0	442	1	442	0.0	811
mutL_129	99.774	441	1	0	442	1	442	0.0	811
mutL_116	100.000	439	0	0	439	1	439	0.0	811
mutL_102	99.774	441	1	0	442	1	442	0.0	811
mutL_97	99.774	441	1	0	442	1	442	0.0	811
mutL_85	99.774	441	1	0	442	1	442	0.0	811
mutL_82	99.774	441	1	0	442	1	442	0.0	811
mutL_81	99.774	441	1	0	442	1	442	0.0	811
mutL_76	99.774	441	1	0	442	1	442	0.0	811
mutL_72	99.774	441	1	0	442	1	442	0.0	811
mutL_68	99.774	441	1	0	442	1	442	0.0	811
mutL_67	99.774	441	1	0	442	1	442	0.0	811
mutL_63	99.774	441	1	0	442	1	442	0.0	811
mutL_61	99.774	441	1	0	442	1	442	0.0	811
mutL_55	99.774	441	1	0	442	1	442	0.0	811
mutL_54	99.774	441	1	0	442	1	442	0.0	811
mutL_48	99.774	441	1	0	442	1	442	0.0	811
mutL_42	99.774	441	1	0	442	1	442	0.0	811
mutL_41	99.774	441	1	0	442	1	442	0.0	811
mutL_31	99.774	441	1	0	442	1	442	0.0	811
mutL_27	99.774	441	1	0	442	1	442	0.0	811
mutL_23	99.774	441	1	0	442	1	442	0.0	811
mutL_22	99.774	441	1	0	442	1	442	0.0	811
mutL_21	99.774	441	1	0	442	1	442	0.0	811
mutL_18	99.774	441	1	0	442	1	442	0.0	811
mutL_15	99.774	441	1	0	442	1	442	0.0	811
mutL_14	99.774	441	1	0	442	1	442	0.0	811
mutL_10	99.774	441	1	0	442	1	442	0.0	811
mutL_6	99.774	441	1	0	442	1	442	0.0	811
mutL_4	99.774	441	1	0	442	1	442	0.0	811
mutL_2	99.774	441	1	0	442	1	442	0.0	811
mutL_243	99.774	441	0	1	441	1	442	0.0	809
aroE_108	95.984	478	20	0	1	498	498	0.0	809
trpE_304	99.549	441	2	0	1	443	443	0.0	808
trpE_300	99.549	441	2	0	1	443	443	0.0	808
trpE_298	99.549	441	2	0	1	443	443	0.0	808
trpE_293	99.549	441	2	0	1	443	443	0.0	808
trpE_279	99.549	441	2	0	1	443	443	0.0	808
trpE_272	99.549	441	2	0	1	443	443	0.0	808
trpE_258	99.549	441	2	0	1	443	443	0.0	808
trpE_243	99.549	441	2	0	1	443	443	0.0	808
trpE_242	99.549	441	2	0	1	443	443	0.0	808
trpE_240	99.549	441	2	0	1	443	443	0.0	808
trpE_237	99.549	441	2	0	1	443	443	0.0	808
trpE_236	99.549	441	2	0	1	443	443	0.0	808
trpE_231	99.549	441	2	0	1	443	443	0.0	808
trpE_223	99.549	441	2	0	1	443	443	0.0	808
trpE_210	99.549	441	2	0	1	443	443	0.0	808
trpE_206	99.549	441	2	0	1	443	443	0.0	808
trpE_188	99.549	441	2	0	1	443	443	0.0	808
trpE_168	99.549	441	2	0	1	443	443	0.0	808
trpE_164	99.549	441	2	0	1	443	443	0.0	808
trpE_138	99.549	441	2	0	1	443	443	0.0	808
trpE_136	99.549	441	2	0	1	443	443	0.0	808
trpE_134	99.549	441	2	0	1	443	443	0.0	808
trpE_115	99.549	441	2	0	1	443	443	0.0	808
trpE_94	99.549	441	2	0	1	443	443	0.0	808
trpE_91	99.549	441	2	0	1	443	443	0.0	808
trpE_85	99.549	441	2	0	1	443	443	0.0	808
trpE_69	99.549	441	2	0	1	443	443	0.0	808
trpE_65	99.549	441	2	0	1	443	443	0.0	808
trpE_63	99.549	441	2	0	1	443	443	0.0	808
trpE_59	99.549	441	2	0	1	443	443	0.0	808
trpE_57	99.549	441	2	0	1	443	443	0.0	808
trpE_53	99.549	441	2	0	1	443	443	0.0	808
trpE_39	99.549	441	2	0	1	443	443	0.0	808
trpE_37	99.549	441	2	0	1	443	443	0.0	808
trpE_14	99.549	441	2	0	1	443	443	0.0	808
trpE_12	99.549	441	2	0	1	443	443	0.0	808
trpE_10	99.549	441	2	0	1	443	443	0.0	808
mutL_296	99.548	440	2	0	442	1	442	0.0	806
mutL_290	99.548	440	2	0	442	1	442	0.0	806
mutL_288	99.548	440	2	0	442	1	442	0.0	806
mutL_275	99.549	441	1	1	443	1	443	0.0	806
mutL_257	99.548	440	2	0	442	1	442	0.0	806
mutL_249	99.548	440	2	0	442	1	442	0.0	806
mutL_245	99.548	440	2	0	442	1	442	0.0	806
mutL_244	99.548	440	2	0	442	1	442	0.0	806
mutL_240	99.548	440	2	0	442	1	442	0.0	806
mutL_238	99.548	440	2	0	442	1	442	0.0	806
mutL_228	99.548	440	2	0	442	1	442	0.0	806
mutL_225	99.548	440	2	0	442	1	442	0.0	806
mutL_222	99.548	440	2	0	442	1	442	0.0	806
mutL_221	99.548	440	2	0	442	1	442	0.0	806
mutL_211	99.548	440	2	0	442	1	442	0.0	806
mutL_210	99.548	440	2	0	442	1	442	0.0	806
mutL_198	99.548	440	2	0	442	1	442	0.0	806
mutL_197	99.548	440	2	0	442	1	442	0.0	806
mutL_193	99.548	440	2	0	442	1	442	0.0	806
mutL_188	99.548	440	2	0	442	1	442	0.0	806
mutL_165	99.548	440	2	0	442	1	442	0.0	806
mutL_163	99.548	440	2	0	442	1	442	0.0	806
mutL_151	99.548	440	2	0	442	1	442	0.0	806
mutL_140	99.548	440	2	0	442	1	442	0.0	806
mutL_131	99.548	440	2	0	442	1	442	0.0	806
mutL_126	99.548	440	2	0	442	1	442	0.0	806
mutL_124	99.548	440	2	0	442	1	442	0.0	806
mutL_119	99.548	440	2	0	442	1	442	0.0	806
mutL_118	99.548	440	2	0	442	1	442	0.0	806
mutL_115	99.548	440	2	0	442	1	442	0.0	806
mutL_94	99.548	440	2	0	442	1	442	0.0	806
mutL_93	99.548	440	2	0	442	1	442	0.0	806
mutL_88	99.548	440	2	0	442	1	442	0.0	806
mutL_83	99.548	440	2	0	442	1	442	0.0	806
mutL_59	99.548	440	2	0	442	1	442	0.0	806
mutL_46	99.548	440	2	0	442	1	442	0.0	806
mutL_43	99.548	440	2	0	442	1	442	0.0	806
mutL_25	99.548	440	2	0	442	1	442	0.0	806
mutL_19	99.548	440	2	0	442	1	442	0.0	806
mutL_9	99.548	440	2	0	442	1	442	0.0	806
mutL_5	99.548	440	2	0	442	1	442	0.0	806
trpE_251	99.546	439	2	0	3	443	441	0.0	804
trpE_112	99.546	439	2	0	3	443	441	0.0	804
mutL_293	99.548	440	1	1	441	1	442	0.0	804
trpE_310	99.323	440	3	0	1	443	443	0.0	802
trpE_296	99.323	440	3	0	1	443	443	0.0	802
trpE_292	99.323	440	3	0	1	443	443	0.0	802
trpE_291	99.323	440	3	0	1	443	443	0.0	802
trpE_278	99.323	440	3	0	1	443	443	0.0	802
trpE_273	99.323	440	3	0	1	443	443	0.0	802
trpE_263	99.323	440	3	0	1	443	443	0.0	802
trpE_253	99.323	440	3	0	1	443	443	0.0	802
trpE_246	99.323	440	3	0	1	443	443	0.0	802
trpE_245	99.323	440	3	0	1	443	443	0.0	802
trpE_230	99.323	440	3	0	1	443	443	0.0	802
trpE_227	99.323	440	3	0	1	443	443	0.0	802
trpE_220	99.323	440	3	0	1	443	443	0.0	802
trpE_212	99.323	440	3	0	1	443	443	0.0	802
trpE_181	99.323	440	3	0	1	443	443	0.0	802
trpE_179	99.323	440	3	0	1	443	443	0.0	802
trpE_171	99.323	440	3	0	1	443	443	0.0	802
trpE_154	99.323	440	3	0	1	443	443	0.0	802
trpE_113	99.323	440	3	0	1	443	443	0.0	802
trpE_111	99.323	440	3	0	1	443	443	0.0	802
trpE_110	99.323	440	3	0	1	443	443	0.0	802
trpE_107	99.323	440	3	0	1	443	443	0.0	802
trpE_95	99.323	440	3	0	1	443	443	0.0	802
trpE_88	99.323	440	3	0	1	443	443	0.0	802
trpE_86	99.323	440	3	0	1	443	443	0.0	802
trpE_83	99.323	440	3	0	1	443	443	0.0	802
trpE_66	99.323	440	3	0	1	443	443	0.0	802
trpE_56	99.323	440	3	0	1	443	443	0.0	802
trpE_52	99.323	440	3	0	1	443	443	0.0	802
trpE_43	99.323	440	3	0	1	443	443	0.0	802
trpE_31	99.323	440	3	0	1	443	443	0.0	802
trpE_19	99.323	440	3	0	1	443	443	0.0	802
trpE_276	99.323	440	2	1	1	442	443	0.0	800
mutL_261	99.321	439	3	0	442	1	442	0.0	800
mutL_219	99.321	439	3	0	442	1	442	0.0	800
mutL_208	99.321	439	3	0	442	1	442	0.0	800
mutL_201	99.321	439	3	0	442	1	442	0.0	800
mutL_199	99.321	439	3	0	442	1	442	0.0	800
mutL_194	99.321	439	3	0	442	1	442	0.0	800
mutL_184	99.321	439	3	0	442	1	442	0.0	800
mutL_181	99.321	439	3	0	442	1	442	0.0	800
mutL_178	99.321	439	3	0	442	1	442	0.0	800
mutL_176	99.321	439	3	0	442	1	442	0.0	800
mutL_162	99.321	439	3	0	442	1	442	0.0	800
mutL_156	99.321	439	3	0	442	1	442	0.0	800
mutL_149	99.321	439	3	0	442	1	442	0.0	800
mutL_128	99.321	439	3	0	442	1	442	0.0	800
mutL_121	99.321	439	3	0	442	1	442	0.0	800
mutL_120	99.321	439	3	0	442	1	442	0.0	800
mutL_99	99.321	439	3	0	442	1	442	0.0	800
mutL_84	99.321	439	3	0	442	1	442	0.0	800
mutL_77	99.321	439	3	0	442	1	442	0.0	800
mutL_73	99.321	439	3	0	442	1	442	0.0	800
mutL_71	99.321	439	3	0	442	1	442	0.0	800
mutL_66	99.321	439	3	0	442	1	442	0.0	800
mutL_64	99.321	439	3	0	442	1	442	0.0	800
mutL_62	99.321	439	3	0	442	1	442	0.0	800
mutL_34	99.321	439	3	0	442	1	442	0.0	800
mutL_30	99.321	439	3	0	442	1	442	0.0	800
mutL_28	99.321	439	3	0	442	1	442	0.0	800
mutL_17	99.321	439	3	0	442	1	442	0.0	800
mutL_13	99.321	439	3	0	442	1	442	0.0	800
mutL_12	99.321	439	3	0	442	1	442	0.0	800
mutL_11	99.321	439	3	0	442	1	442	0.0	800
mutL_8	99.321	439	3	0	442	1	442	0.0	800
mutL_1	99.321	439	3	0	442	1	442	0.0	800
mutL_273	99.321	439	2	1	441	1	442	0.0	798
trpE_299	99.099	440	3	1	1	444	444	0.0	797
trpE_295	99.097	439	4	0	1	443	443	0.0	797
trpE_228	99.097	439	4	0	1	443	443	0.0	797
trpE_222	99.097	439	4	0	1	443	443	0.0	797
trpE_211	99.097	439	4	0	1	443	443	0.0	797
trpE_172	99.097	439	4	0	1	443	443	0.0	797
trpE_92	99.097	439	4	0	1	443	443	0.0	797
trpE_73	99.097	439	4	0	1	443	443	0.0	797
trpE_61	99.097	439	4	0	1	443	443	0.0	797
trpE_60	99.097	439	4	0	1	443	443	0.0	797
trpE_44	99.097	439	4	0	1	443	443	0.0	797
trpE_29	99.097	439	4	0	1	443	443	0.0	797
mutL_216	99.318	437	3	0	442	3	440	0.0	797
mutL_283	99.095	438	4	0	442	1	442	0.0	795
mutL_281	99.095	438	4	0	442	1	442	0.0	795
mutL_277	99.095	438	4	0	442	1	442	0.0	795
mutL_276	99.095	438	4	0	442	1	442	0.0	795
mutL_268	99.095	438	4	0	442	1	442	0.0	795
mutL_266	99.095	438	4	0	442	1	442	0.0	795
mutL_263	99.095	438	4	0	442	1	442	0.0	795
mutL_259	99.095	438	4	0	442	1	442	0.0	795
mutL_258	99.095	438	4	0	442	1	442	0.0	795
mutL_248	99.095	438	4	0	442	1	442	0.0	795
mutL_247	99.095	438	4	0	442	1	442	0.0	795
mutL_239	99.095	438	4	0	442	1	442	0.0	795
mutL_236	99.095	438	4	0	442	1	442	0.0	795
mutL_235	99.095	438	4	0	442	1	442	0.0	795
mutL_234	99.095	438	4	0	442	1	442	0.0	795
mutL_233	99.095	438	4	0	442	1	442	0.0	795
mutL_232	99.095	438	4	0	442	1	442	0.0	795
mutL_230	99.095	438	4	0	442	1	442	0.0	795
mutL_229	99.095	438	4	0	442	1	442	0.0	795
mutL_227	99.095	438	4	0	442	1	442	0.0	795
mutL_218	99.095	438	4	0	442	1	442	0.0	795
mutL_215	99.095	438	4	0	442	1	442	0.0	795
mutL_214	99.095	438	4	0	442	1	442	0.0	795
mutL_212	99.095	438	4	0	442	1	442	0.0	795
mutL_203	99.095	438	4	0	442	1	442	0.0	795
mutL_191	99.095	438	4	0	442	1	442	0.0	795
mutL_179	99.095	438	4	0	442	1	442	0.0	795
mutL_173	99.095	438	4	0	442	1	442	0.0	795
mutL_172	99.095	438	4	0	442	1	442	0.0	795
mutL_168	99.095	438	4	0	442	1	442	0.0	795
mutL_164	99.095	438	4	0	442	1	442	0.0	795
mutL_153	99.095	438	4	0	442	1	442	0.0	795
mutL_139	99.095	438	4	0	442	1	442	0.0	795
mutL_133	99.095	438	4	0	442	1	442	0.0	795
mutL_122	99.095	438	4	0	442	1	442	0.0	795
mutL_117	99.095	438	4	0	442	1	442	0.0	795
mutL_114	99.095	438	4	0	442	1	442	0.0	795
mutL_98	99.095	438	4	0	442	1	442	0.0	795
mutL_75	99.095	438	4	0	442	1	442	0.0	795
mutL_74	99.095	438	4	0	442	1	442	0.0	795
mutL_70	99.095	438	4	0	442	1	442	0.0	795
mutL_33	99.095	438	4	0	442	1	442	0.0	795
mutL_32	99.095	438	4	0	442	1	442	0.0	795
mutL_29	99.095	438	4	0	442	1	442	0.0	795
mutL_26	99.095	438	4	0	442	1	442	0.0	795
mutL_24	99.317	436	3	0	442	4	439	0.0	795
mutL_16	99.095	438	4	0	442	1	442	0.0	795
mutL_7	99.095	438	4	0	442	1	442	0.0	795
trpE_184	99.093	437	4	0	1	441	441	0.0	793
trpE_294	98.871	438	5	0	1	443	443	0.0	791
trpE_286	98.871	438	5	0	1	443	443	0.0	791
trpE_217	98.871	438	5	0	1	443	443	0.0	791
trpE_205	98.871	438	5	0	1	443	443	0.0	791
trpE_193	98.871	438	5	0	1	443	443	0.0	791
trpE_174	98.871	438	5	0	1	443	443	0.0	791
trpE_162	98.871	438	5	0	1	443	443	0.0	791
trpE_21	98.871	438	5	0	1	443	443	0.0	791
trpE_8	98.871	438	5	0	1	443	443	0.0	791
mutL_289	98.869	437	5	0	442	1	442	0.0	789
mutL_287	98.869	437	5	0	442	1	442	0.0	789
mutL_270	98.869	437	5	0	442	1	442	0.0	789
mutL_269	98.869	437	5	0	442	1	442	0.0	789
mutL_264	98.869	437	5	0	442	1	442	0.0	789
mutL_256	98.869	437	5	0	442	1	442	0.0	789
mutL_254	98.869	437	5	0	442	1	442	0.0	789
mutL_242	98.869	437	5	0	442	1	442	0.0	789
mutL_226	98.869	437	5	0	442	1	442	0.0	789
mutL_220	98.869	437	5	0	442	1	442	0.0	789
mutL_217	98.869	437	5	0	442	1	442	0.0	789
mutL_205	98.869	437	5	0	442	1	442	0.0	789
mutL_202	98.869	437	5	0	442	1	442	0.0	789
mutL_195	98.869	437	5	0	442	1	442	0.0	789
mutL_189	98.869	437	5	0	442	1	442	0.0	789
mutL_187	98.869	437	5	0	442	1	442	0.0	789
mutL_186	98.869	437	5	0	442	1	442	0.0	789
mutL_185	98.869	437	5	0	442	1	442	0.0	789
mutL_183	98.869	437	5	0	442	1	442	0.0	789
mutL_170	98.869	437	5	0	442	1	442	0.0	789
mutL_160	98.869	437	5	0	442	1	442	0.0	789
mutL_158	98.869	437	5	0	442	1	442	0.0	789
mutL_155	98.869	437	5	0	442	1	442	0.0	789
mutL_147	98.869	437	5	0	442	1	442	0.0	789
mutL_144	98.869	437	5	0	442	1	442	0.0	789
mutL_142	98.869	437	5	0	442	1	442	0.0	789
mutL_141	98.869	437	5	0	442	1	442	0.0	789
mutL_135	98.869	437	5	0	442	1	442	0.0	789
mutL_132	98.869	437	5	0	442	1	442	0.0	789
mutL_130	98.869	437	5	0	442	1	442	0.0	789
mutL_127	98.869	437	5	0	442	1	442	0.0	789
mutL_113	98.869	437	5	0	442	1	442	0.0	789
mutL_101	98.869	437	5	0	442	1	442	0.0	789
mutL_96	98.869	437	5	0	442	1	442	0.0	789
mutL_95	98.869	437	5	0	442	1	442	0.0	789
mutL_79	98.869	437	5	0	442	1	442	0.0	789
mutL_78	98.869	437	5	0	442	1	442	0.0	789
mutL_65	98.869	437	5	0	442	1	442	0.0	789
mutL_56	98.869	437	5	0	442	1	442	0.0	789
mutL_51	98.869	437	5	0	442	1	442	0.0	789
mutL_47	98.869	437	5	0	442	1	442	0.0	789
mutL_45	98.869	437	5	0	442	1	442	0.0	789
mutL_44	98.869	437	5	0	442	1	442	0.0	789
mutL_40	98.869	437	5	0	442	1	442	0.0	789
mutL_38	98.869	437	5	0	442	1	442	0.0	789
mutL_36	98.869	437	5	0	442	1	442	0.0	789
mutL_20	98.869	437	5	0	442	1	442	0.0	789
trpE_6	98.866	436	5	0	1	441	441	0.0	787
mutL_292	98.869	437	4	1	441	1	442	0.0	787
trpE_303	98.646	437	6	0	1	443	443	0.0	785
trpE_254	98.646	437	6	0	1	443	443	0.0	785
trpE_234	98.646	437	6	0	1	443	443	0.0	785
trpE_229	98.646	437	6	0	1	443	443	0.0	785
trpE_226	98.646	437	6	0	1	443	443	0.0	785
trpE_185	98.646	437	6	0	1	443	443	0.0	785
trpE_142	98.646	437	6	0	1	443	443	0.0	785
trpE_132	98.646	437	6	0	1	443	443	0.0	785
trpE_64	98.646	437	6	0	1	443	443	0.0	785
trpE_35	98.646	437	6	0	1	443	443	0.0	785
trpE_13	98.646	437	6	0	1	443	443	0.0	785
trpE_4	98.646	437	6	0	1	443	443	0.0	785
trpE_3	98.646	437	6	0	1	443	443	0.0	785
mutL_284	98.643	436	6	0	442	1	442	0.0	784
mutL_260	98.643	436	6	0	442	1	442	0.0	784
mutL_103	98.643	436	6	0	442	1	442	0.0	784
mutL_69	98.643	436	6	0	442	1	442	0.0	784
trpE_277	98.646	437	2	4	1	439	443	0.0	782
aroE_65	94.980	473	25	0	1	498	498	0.0	782
trpE_297	98.420	436	7	0	1	443	443	0.0	780
trpE_287	98.420	436	7	0	1	443	443	0.0	780
trpE_285	98.420	436	7	0	1	443	443	0.0	780
trpE_275	98.420	436	7	0	1	443	443	0.0	780
trpE_271	98.420	436	7	0	1	443	443	0.0	780
trpE_269	98.420	436	7	0	1	443	443	0.0	780
trpE_265	98.420	436	7	0	1	443	443	0.0	780
trpE_260	98.420	436	7	0	1	443	443	0.0	780
trpE_257	98.420	436	7	0	1	443	443	0.0	780
trpE_256	98.420	436	7	0	1	443	443	0.0	780
trpE_255	98.420	436	7	0	1	443	443	0.0	780
trpE_252	98.420	436	7	0	1	443	443	0.0	780
trpE_244	98.420	436	7	0	1	443	443	0.0	780
trpE_235	98.420	436	7	0	1	443	443	0.0	780
trpE_232	98.420	436	7	0	1	443	443	0.0	780
trpE_225	98.420	436	7	0	1	443	443	0.0	780
trpE_224	98.420	436	7	0	1	443	443	0.0	780
trpE_219	98.420	436	7	0	1	443	443	0.0	780
trpE_191	98.420	436	7	0	1	443	443	0.0	780
trpE_186	98.420	436	7	0	1	443	443	0.0	780
trpE_166	98.420	436	7	0	1	443	443	0.0	780
trpE_163	98.420	436	7	0	1	443	443	0.0	780
trpE_161	98.420	436	7	0	1	443	443	0.0	780
trpE_155	98.420	436	7	0	1	443	443	0.0	780
trpE_143	98.420	436	7	0	1	443	443	0.0	780
trpE_109	98.420	436	7	0	1	443	443	0.0	780
trpE_75	98.420	436	7	0	1	443	443	0.0	780
trpE_70	98.420	436	7	0	1	443	443	0.0	780
trpE_67	98.420	436	7	0	1	443	443	0.0	780
trpE_55	98.420	436	7	0	1	443	443	0.0	780
trpE_51	98.420	436	7	0	1	443	443	0.0	780
trpE_36	98.420	436	7	0	1	443	443	0.0	780
trpE_27	98.420	436	7	0	1	443	443	0.0	780
trpE_26	98.420	436	7	0	1	443	443	0.0	780
trpE_25	98.420	436	7	0	1	443	443	0.0	780
trpE_16	98.420	436	7	0	1	443	443	0.0	780
trpE_9	98.420	436	7	0	1	443	443	0.0	780
mutL_255	98.416	435	7	0	442	1	442	0.0	778
mutL_171	98.416	435	7	0	442	1	442	0.0	778
mutL_136	98.416	435	7	0	442	1	442	0.0	778
mutL_90	98.416	435	7	0	442	1	442	0.0	778
trpE_281	98.413	434	7	0	1	441	441	0.0	776
mutL_250	98.206	438	4	4	446	1	446	0.0	776
mutL_213	98.210	439	3	5	447	1	447	0.0	776
trpE_307	98.194	435	8	0	1	443	443	0.0	774
trpE_290	98.194	435	8	0	1	443	443	0.0	774
trpE_280	98.194	435	8	0	1	443	443	0.0	774
trpE_274	98.194	435	8	0	1	443	443	0.0	774
trpE_250	98.194	435	8	0	1	443	443	0.0	774
trpE_241	98.194	435	8	0	1	443	443	0.0	774
trpE_218	98.194	435	8	0	1	443	443	0.0	774
trpE_198	98.194	435	8	0	1	443	443	0.0	774
trpE_175	98.194	435	8	0	1	443	443	0.0	774
trpE_169	98.194	435	8	0	1	443	443	0.0	774
trpE_167	98.194	435	8	0	1	443	443	0.0	774
trpE_156	98.194	435	8	0	1	443	443	0.0	774
trpE_140	98.194	435	8	0	1	443	443	0.0	774
trpE_139	98.194	435	8	0	1	443	443	0.0	774
trpE_130	98.194	435	8	0	1	443	443	0.0	774
trpE_128	98.194	435	8	0	1	443	443	0.0	774
trpE_120	98.194	435	8	0	1	443	443	0.0	774
trpE_119	98.194	435	8	0	1	443	443	0.0	774
trpE_118	98.194	435	8	0	1	443	443	0.0	774
trpE_114	98.194	435	8	0	1	443	443	0.0	774
trpE_89	98.194	435	8	0	1	443	443	0.0	774
trpE_80	98.194	435	8	0	1	443	443	0.0	774
trpE_48	98.194	435	8	0	1	443	443	0.0	774
trpE_33	98.194	435	8	0	1	443	443	0.0	774
trpE_32	98.194	435	8	0	1	443	443	0.0	774
trpE_15	98.194	435	8	0	1	443	443	0.0	774
trpE_11	98.194	435	8	0	1	443	443	0.0	774
trpE_201	98.194	435	7	1	1	442	443	0.0	773
mutL_58	98.190	434	8	0	442	1	442	0.0	773
trpE_84	98.186	433	8	0	1	441	441	0.0	771
trpE_283	97.968	434	9	0	1	443	443	0.0	769
trpE_270	97.968	434	9	0	1	443	443	0.0	769
trpE_249	97.968	434	9	0	1	443	443	0.0	769
trpE_214	97.968	434	9	0	1	443	443	0.0	769
trpE_208	97.968	434	9	0	1	443	443	0.0	769
trpE_199	97.968	434	9	0	1	443	443	0.0	769
trpE_187	97.968	434	9	0	1	443	443	0.0	769
trpE_182	97.968	434	9	0	1	443	443	0.0	769
trpE_117	97.968	434	9	0	1	443	443	0.0	769
trpE_96	97.968	434	9	0	1	443	443	0.0	769
trpE_81	97.968	434	9	0	1	443	443	0.0	769
trpE_40	97.968	434	9	0	1	443	443	0.0	769
trpE_157	97.959	432	9	0	1	441	441	0.0	765
trpE_149	97.959	432	9	0	1	441	441	0.0	765
mutL_166	97.959	432	9	0	442	2	441	0.0	765
trpE_305	97.743	433	10	0	1	443	443	0.0	763
trpE_284	97.743	433	10	0	1	443	443	0.0	763
trpE_282	97.743	433	10	0	1	443	443	0.0	763
trpE_247	97.743	433	10	0	1	443	443	0.0	763
trpE_202	97.743	433	10	0	1	443	443	0.0	763
trpE_183	97.743	433	10	0	1	443	443	0.0	763
trpE_158	97.743	433	10	0	1	443	443	0.0	763
trpE_127	97.743	433	10	0	1	443	443	0.0	763
trpE_123	97.743	433	10	0	1	443	443	0.0	763
trpE_98	97.743	433	10	0	1	443	443	0.0	763
trpE_62	97.743	433	10	0	1	443	443	0.0	763
trpE_49	97.743	433	10	0	1	443	443	0.0	763
trpE_23	97.743	433	10	0	1	443	443	0.0	763
trpE_309	97.732	431	10	0	1	441	441	0.0	760
trpE_306	97.732	431	10	0	1	441	441	0.0	760
trpE_124	97.732	431	10	0	1	441	441	0.0	760
trpE_77	97.732	431	10	0	1	441	441	0.0	760
mutL_92	97.732	431	10	0	442	2	441	0.0	760
mutL_86	97.732	431	10	0	442	2	441	0.0	760
trpE_301	97.517	432	11	0	1	443	443	0.0	758
trpE_289	97.517	432	11	0	1	443	443	0.0	758
trpE_200	97.517	432	11	0	1	443	443	0.0	758
trpE_160	97.517	432	11	0	1	443	443	0.0	758
trpE_125	97.517	432	11	0	1	443	443	0.0	758
trpE_93	97.517	432	11	0	1	443	443	0.0	758
trpE_54	97.517	432	11	0	1	443	443	0.0	758
trpE_46	97.517	432	11	0	1	443	443	0.0	758
trpE_192	97.506	430	11	0	1	441	441	0.0	754
trpE_90	97.506	430	11	0	1	441	441	0.0	754
trpE_71	97.506	430	11	0	1	441	441	0.0	754
trpE_50	97.506	430	11	0	1	441	441	0.0	754
mutL_125	97.506	430	11	0	442	2	441	0.0	754
mutL_100	97.506	430	11	0	442	2	441	0.0	754
mutL_53	97.506	430	11	0	442	2	441	0.0	754
mutL_39	97.506	430	11	0	442	2	441	0.0	754
trpE_195	97.291	431	12	0	1	443	443	0.0	752
trpE_133	97.291	431	12	0	1	443	443	0.0	752
trpE_42	97.291	431	12	0	1	443	443	0.0	752
trpE_28	97.291	431	12	0	1	443	443	0.0	752
trpE_5	97.291	431	12	0	1	443	443	0.0	752
trpE_122	97.279	429	12	0	1	441	441	0.0	749
trpE_72	97.279	429	12	0	1	441	441	0.0	749
mutL_262	97.279	429	12	0	442	2	441	0.0	749
trpE_267	97.065	430	13	0	1	443	443	0.0	747
trpE_266	97.065	430	13	0	1	443	443	0.0	747
trpE_159	97.065	430	13	0	1	443	443	0.0	747
trpE_87	97.065	430	13	0	1	443	443	0.0	747
trpE_78	97.065	430	13	0	1	443	443	0.0	747
trpE_47	97.065	430	13	0	1	443	443	0.0	747
trpE_34	97.065	430	13	0	1	443	443	0.0	747
trpE_22	97.065	430	13	0	1	443	443	0.0	747
mutL_285	97.511	431	0	11	431	1	442	0.0	745
trpE_189	96.840	429	14	0	1	443	443	0.0	741
trpE_165	96.840	429	14	0	1	443	443	0.0	741
trpE_131	96.840	429	14	0	1	443	443	0.0	741
trpE_24	96.840	429	14	0	1	443	443	0.0	741
mutL_80	96.606	427	15	0	442	1	442	0.0	734
mutL_294	96.833	428	3	11	431	1	442	0.0	728
mutL_37	96.380	426	16	0	442	1	442	0.0	728
mutL_123	96.154	425	17	0	442	1	442	0.0	723
mutL_89	96.154	425	17	0	442	1	442	0.0	723
mutL_87	96.154	425	17	0	442	1	442	0.0	723
mutL_60	96.154	425	17	0	442	1	442	0.0	723
acsA_7	100.000	390	0	0	1	390	390	0.0	721
acsA_7	81.152	310	64	8	1	378	382	1.77e-78	300
mutL_174	95.928	424	18	0	442	1	442	0.0	717
mutL_35	95.928	424	18	0	442	1	442	0.0	717
mutL_251	96.380	426	3	13	429	1	442	0.0	715
acsA_77	99.744	389	1	0	1	390	390	0.0	715
acsA_77	80.890	309	65	8	1	378	382	8.25e-77	294
acsA_30	99.744	389	1	0	1	390	390	0.0	715
acsA_30	81.152	310	64	8	1	378	382	1.77e-78	300
acsA_28	99.744	389	1	0	1	390	390	0.0	715
acsA_28	81.152	310	64	8	1	378	382	1.77e-78	300
acsA_15	99.744	389	1	0	1	390	390	0.0	715
acsA_15	81.414	311	63	8	1	378	382	3.81e-80	305
mutL_291	96.154	425	4	13	429	1	442	0.0	710
acsA_270	99.487	388	2	0	1	390	390	0.0	710
acsA_270	81.152	310	64	8	1	378	382	1.77e-78	300
acsA_264	99.487	388	2	0	1	390	390	0.0	710
acsA_264	80.890	309	65	8	1	378	382	8.25e-77	294
acsA_252	99.487	388	2	0	1	390	390	0.0	710
acsA_252	81.152	310	64	8	1	378	382	1.77e-78	300
acsA_248	99.487	388	2	0	1	390	390	0.0	710
acsA_248	80.890	309	65	8	1	378	382	8.25e-77	294
acsA_245	99.487	388	2	0	1	390	390	0.0	710
acsA_245	81.152	310	64	8	1	378	382	1.77e-78	300
acsA_221	99.487	388	2	0	1	390	390	0.0	710
acsA_221	81.414	311	63	8	1	378	382	3.81e-80	305
acsA_206	99.487	388	2	0	1	390	390	0.0	710
acsA_206	80.890	309	65	8	1	378	382	8.25e-77	294
acsA_200	99.487	388	2	0	1	390	390	0.0	710
acsA_200	81.152	310	64	8	1	378	382	1.77e-78	300
acsA_198	99.487	388	2	0	1	390	390	0.0	710
acsA_198	81.414	311	63	8	1	378	382	3.81e-80	305
acsA_193	99.487	388	2	0	1	390	390	0.0	710
acsA_193	81.152	310	64	8	1	378	382	1.77e-78	300
acsA_186	99.487	388	2	0	1	390	390	0.0	710
acsA_186	81.152	310	64	8	1	378	382	1.77e-78	300
acsA_181	99.487	388	2	0	1	390	390	0.0	710
acsA_181	81.675	312	62	8	1	378	382	8.19e-82	311
acsA_170	99.487	388	2	0	1	390	390	0.0	710
acsA_170	80.890	309	65	8	1	378	382	8.25e-77	294
acsA_163	99.487	388	2	0	1	390	390	0.0	710
acsA_163	81.414	311	63	8	1	378	382	3.81e-80	305
acsA_121	99.487	388	2	0	1	390	390	0.0	710
acsA_121	80.890	309	65	8	1	378	382	8.25e-77	294
acsA_100	99.487	388	2	0	1	390	390	0.0	710
acsA_100	80.890	309	65	8	1	378	382	8.25e-77	294
acsA_92	99.487	388	2	0	1	390	390	0.0	710
acsA_92	81.152	310	64	8	1	378	382	1.77e-78	300
acsA_76	99.487	388	2	0	1	390	390	0.0	710
acsA_76	81.102	309	66	6	1	378	381	1.77e-78	300
acsA_74	99.487	388	2	0	1	390	390	0.0	710
acsA_74	80.890	309	65	8	1	378	382	8.25e-77	294
acsA_64	99.487	388	2	0	1	390	390	0.0	710
acsA_64	81.152	310	64	8	1	378	382	1.77e-78	300
acsA_56	99.487	388	2	0	1	390	390	0.0	710
acsA_56	80.890	309	65	8	1	378	382	8.25e-77	294
acsA_55	99.487	388	2	0	1	390	390	0.0	710
acsA_55	81.414	311	63	8	1	378	382	3.81e-80	305
acsA_17	99.487	388	2	0	1	390	390	0.0	710
acsA_17	81.414	311	63	8	1	378	382	3.81e-80	305
mutL_252	95.475	422	20	0	442	1	442	0.0	706
acsA_259	99.231	387	3	0	1	390	390	0.0	704
acsA_259	81.152	310	64	8	1	378	382	1.77e-78	300
acsA_209	99.231	387	3	0	1	390	390	0.0	704
acsA_209	81.152	310	64	8	1	378	382	1.77e-78	300
acsA_203	99.231	387	3	0	1	390	390	0.0	704
acsA_203	81.152	310	64	8	1	378	382	1.77e-78	300
acsA_191	99.231	387	3	0	1	390	390	0.0	704
acsA_191	81.462	312	61	10	1	378	383	3.81e-80	305
acsA_187	99.231	387	3	0	1	390	390	0.0	704
acsA_187	81.510	313	59	12	1	378	384	3.81e-80	305
acsA_183	99.231	387	3	0	1	390	390	0.0	704
acsA_183	81.414	311	63	8	1	378	382	3.81e-80	305
acsA_176	99.231	387	3	0	1	390	390	0.0	704
acsA_176	80.890	309	65	8	1	378	382	8.25e-77	294
acsA_159	99.231	387	3	0	1	390	390	0.0	704
acsA_159	81.152	310	64	8	1	378	382	1.77e-78	300
acsA_145	99.231	387	3	0	1	390	390	0.0	704
acsA_145	81.152	310	64	8	1	378	382	1.77e-78	300
acsA_134	99.231	387	3	0	1	390	390	0.0	704
acsA_134	81.675	312	62	8	1	378	382	8.19e-82	311
acsA_102	99.231	387	3	0	1	390	390	0.0	704
acsA_102	81.152	310	64	8	1	378	382	1.77e-78	300
acsA_101	99.231	387	3	0	1	390	390	0.0	704
acsA_101	81.414	311	63	8	1	378	382	3.81e-80	305
acsA_79	99.231	387	3	0	1	390	390	0.0	704
acsA_63	99.231	387	3	0	1	390	390	0.0	704
acsA_63	81.152	310	64	8	1	378	382	1.77e-78	300
acsA_62	99.231	387	3	0	1	390	390	0.0	704
acsA_62	81.250	312	60	12	1	378	384	1.77e-78	300
acsA_39	99.231	387	3	0	1	390	390	0.0	704
acsA_39	81.675	312	62	8	1	378	382	8.19e-82	311
acsA_25	99.231	387	3	0	1	390	390	0.0	704
acsA_25	81.414	311	63	8	1	378	382	3.81e-80	305
acsA_19	99.231	387	3	0	1	390	390	0.0	704
acsA_19	81.152	310	64	8	1	378	382	1.77e-78	300
acsA_16	99.231	387	3	0	1	390	390	0.0	704
acsA_16	81.152	310	64	8	1	378	382	1.77e-78	300
acsA_271	98.974	386	4	0	1	390	390	0.0	699
acsA_261	98.974	386	4	0	1	390	390	0.0	699
acsA_261	80.890	309	65	8	1	378	382	8.25e-77	294
acsA_253	98.974	386	4	0	1	390	390	0.0	699
acsA_253	80.890	309	65	8	1	378	382	8.25e-77	294
acsA_220	98.974	386	4	0	1	390	390	0.0	699
acsA_220	80.890	309	65	8	1	378	382	8.25e-77	294
acsA_212	98.974	386	4	0	1	390	390	0.0	699
acsA_212	81.414	311	63	8	1	378	382	3.81e-80	305
acsA_211	98.974	386	4	0	1	390	390	0.0	699
acsA_211	81.414	311	63	8	1	378	382	3.81e-80	305
acsA_189	98.974	386	4	0	1	390	390	0.0	699
acsA_189	81.627	311	64	6	1	378	381	8.19e-82	311
acsA_182	98.974	386	4	0	1	390	390	0.0	699
acsA_182	81.414	311	63	8	1	378	382	3.81e-80	305
acsA_169	98.974	386	4	0	1	390	390	0.0	699
acsA_164	98.974	386	4	0	1	390	390	0.0	699
acsA_164	81.365	310	65	6	1	378	381	3.81e-80	305
acsA_157	98.974	386	4	0	1	390	390	0.0	699
acsA_157	81.675	312	62	8	1	378	382	8.19e-82	311
acsA_141	98.974	386	4	0	1	390	390	0.0	699
acsA_114	98.974	386	4	0	1	390	390	0.0	699
acsA_114	81.675	312	62	8	1	378	382	8.19e-82	311
acsA_110	98.974	386	4	0	1	390	390	0.0	699
acsA_110	81.152	310	64	8	1	378	382	1.77e-78	300
acsA_98	98.974	386	4	0	1	390	390	0.0	699
acsA_98	80.890	309	65	8	1	378	382	8.25e-77	294
acsA_95	98.974	386	4	0	1	390	390	0.0	699
acsA_95	81.414	311	63	8	1	378	382	3.81e-80	305
acsA_84	98.974	386	4	0	1	390	390	0.0	699
acsA_84	81.201	311	62	10	1	378	383	1.77e-78	300
acsA_54	98.974	386	4	0	1	390	390	0.0	699
acsA_54	81.365	310	65	6	1	378	381	3.81e-80	305
acsA_47	98.974	386	4	0	1	390	390	0.0	699
acsA_47	81.152	310	64	8	1	378	382	1.77e-78	300
acsA_42	98.974	386	4	0	1	390	390	0.0	699
acsA_42	81.365	310	65	6	1	378	381	3.81e-80	305
acsA_37	98.974	386	4	0	1	390	390	0.0	699
acsA_37	81.102	309	66	6	1	378	381	1.77e-78	300
acsA_22	98.974	386	4	0	1	390	390	0.0	699
acsA_22	81.414	311	63	8	1	378	382	3.81e-80	305
acsA_20	98.974	386	4	0	1	390	390	0.0	699
acsA_20	81.675	312	62	8	1	378	382	8.19e-82	311
acsA_3	98.974	386	4	0	1	390	390	0.0	699
acsA_3	81.414	311	63	8	1	378	382	3.81e-80	305
acsA_2	98.974	386	4	0	1	390	390	0.0	699
acsA_2	80.890	309	65	8	1	378	382	8.25e-77	294
acsA_1	98.974	386	4	0	1	390	390	0.0	699
acsA_1	81.414	311	63	8	1	378	382	3.81e-80	305
acsA_272	98.718	385	5	0	1	390	390	0.0	693
acsA_272	80.628	308	66	8	1	378	382	3.84e-75	289
acsA_244	98.718	385	5	0	1	390	390	0.0	693
acsA_244	81.414	311	63	8	1	378	382	3.81e-80	305
acsA_238	98.718	385	5	0	1	390	390	0.0	693
acsA_238	82.199	314	60	8	1	378	382	3.78e-85	322
acsA_237	98.718	385	5	0	1	390	390	0.0	693
acsA_237	82.199	314	60	8	1	378	382	3.78e-85	322
acsA_185	98.718	385	5	0	1	390	390	0.0	693
acsA_185	81.627	311	64	6	1	378	381	8.19e-82	311
acsA_180	98.718	385	5	0	1	390	390	0.0	693
acsA_180	81.462	312	61	10	1	378	383	3.81e-80	305
acsA_173	98.718	385	5	0	1	390	390	0.0	693
acsA_173	81.675	312	62	8	1	378	382	8.19e-82	311
acsA_171	98.718	385	5	0	1	390	390	0.0	693
acsA_171	81.102	309	66	6	1	378	381	1.77e-78	300
acsA_160	98.718	385	5	0	1	390	390	0.0	693
acsA_160	81.102	309	66	6	1	378	381	1.77e-78	300
acsA_140	98.718	385	5	0	1	390	390	0.0	693
acsA_126	98.718	385	5	0	1	390	390	0.0	693
acsA_126	80.890	309	65	8	1	378	382	8.25e-77	294
acsA_117	98.718	385	5	0	1	390	390	0.0	693
acsA_117	81.152	310	64	8	1	378	382	1.77e-78	300
acsA_113	98.718	385	5	0	1	390	390	0.0	693
acsA_113	80.890	309	65	8	1	378	382	8.25e-77	294
acsA_111	98.718	385	5	0	1	390	390	0.0	693
acsA_111	81.414	311	63	8	1	378	382	3.81e-80	305
acsA_108	98.718	385	5	0	1	390	390	0.0	693
acsA_108	81.365	310	65	6	1	378	381	3.81e-80	305
acsA_96	98.718	385	5	0	1	390	390	0.0	693
acsA_96	80.890	309	65	8	1	378	382	8.25e-77	294
acsA_83	98.718	385	5	0	1	390	390	0.0	693
acsA_83	80.890	309	65	8	1	378	382	8.25e-77	294
acsA_82	98.718	385	5	0	1	390	390	0.0	693
acsA_82	81.414	311	63	8	1	378	382	3.81e-80	305
acsA_70	98.718	385	5	0	1	390	390	0.0	693
acsA_70	81.152	310	64	8	1	378	382	1.77e-78	300
acsA_67	98.718	385	5	0	1	390	390	0.0	693
acsA_67	81.414	311	63	8	1	378	382	3.81e-80	305
acsA_41	98.718	385	5	0	1	390	390	0.0	693
acsA_41	81.675	312	62	8	1	378	382	8.19e-82	311
acsA_36	98.718	385	5	0	1	390	390	0.0	693
acsA_36	81.365	310	65	6	1	378	381	3.81e-80	305
acsA_35	98.718	385	5	0	1	390	390	0.0	693
acsA_35	80.890	309	65	8	1	378	382	8.25e-77	294
acsA_21	98.718	385	5	0	1	390	390	0.0	693
acsA_21	81.675	312	62	8	1	378	382	8.19e-82	311
acsA_6	98.718	385	5	0	1	390	390	0.0	693
acsA_6	81.365	310	65	6	1	378	381	3.81e-80	305
guaA_12	100.000	373	0	0	373	1	373	0.0	689
acsA_268	98.462	384	6	0	1	390	390	0.0	688
acsA_268	81.102	309	66	6	1	378	381	1.77e-78	300
acsA_267	98.462	384	6	0	1	390	390	0.0	688
acsA_267	81.102	309	66	6	1	378	381	1.77e-78	300
acsA_265	98.462	384	6	0	1	390	390	0.0	688
acsA_265	81.365	310	65	6	1	378	381	3.81e-80	305
acsA_260	98.462	384	6	0	1	390	390	0.0	688
acsA_260	81.152	310	64	8	1	378	382	1.77e-78	300
acsA_256	98.462	384	6	0	1	390	390	0.0	688
acsA_256	81.102	309	66	6	1	378	381	1.77e-78	300
acsA_254	98.462	384	6	0	1	390	390	0.0	688
acsA_254	81.102	309	66	6	1	378	381	1.77e-78	300
acsA_250	98.462	384	6	0	1	390	390	0.0	688
acsA_250	81.152	310	64	8	1	378	382	1.77e-78	300
acsA_249	98.462	384	6	0	1	390	390	0.0	688
acsA_249	81.102	309	66	6	1	378	381	1.77e-78	300
acsA_246	98.462	384	6	0	1	390	390	0.0	688
acsA_246	81.414	311	63	8	1	378	382	3.81e-80	305
acsA_219	98.462	384	6	0	1	390	390	0.0	688
acsA_219	81.102	309	66	6	1	378	381	1.77e-78	300
acsA_218	98.462	384	6	0	1	390	390	0.0	688
acsA_218	80.628	308	66	8	1	378	382	3.84e-75	289
acsA_214	98.462	384	6	0	1	390	390	0.0	688
acsA_214	81.627	311	64	6	1	378	381	8.19e-82	311
acsA_208	98.462	384	6	0	1	390	390	0.0	688
acsA_208	81.102	309	66	6	1	378	381	1.77e-78	300
acsA_207	98.462	384	6	0	1	390	390	0.0	688
acsA_207	81.102	309	66	6	1	378	381	1.77e-78	300
acsA_199	98.462	384	6	0	1	390	390	0.0	688
acsA_199	80.628	308	66	8	1	378	382	3.84e-75	289
acsA_196	98.462	384	6	0	1	390	390	0.0	688
acsA_196	81.102	309	66	6	1	378	381	1.77e-78	300
acsA_195	98.462	384	6	0	1	390	390	0.0	688
acsA_195	81.365	310	65	6	1	378	381	3.81e-80	305
acsA_178	98.462	384	6	0	1	390	390	0.0	688
acsA_178	81.102	309	66	6	1	378	381	1.77e-78	300
acsA_175	98.462	384	6	0	1	390	390	0.0	688
acsA_175	81.102	309	66	6	1	378	381	1.77e-78	300
acsA_174	98.462	384	6	0	1	390	390	0.0	688
acsA_174	81.102	309	66	6	1	378	381	1.77e-78	300
acsA_167	98.462	384	6	0	1	390	390	0.0	688
acsA_167	81.102	309	66	6	1	378	381	1.77e-78	300
acsA_165	98.462	384	6	0	1	390	390	0.0	688
acsA_165	81.250	312	60	12	1	378	384	1.77e-78	300
acsA_162	98.462	384	6	0	1	390	390	0.0	688
acsA_162	81.462	312	61	10	1	378	383	3.81e-80	305
acsA_158	98.462	384	6	0	1	390	390	0.0	688
acsA_158	81.365	310	65	6	1	378	381	3.81e-80	305
acsA_150	98.462	384	6	0	1	390	390	0.0	688
acsA_150	81.316	309	67	4	1	378	380	3.81e-80	305
acsA_148	98.462	384	6	0	1	390	390	0.0	688
acsA_148	81.627	311	64	6	1	378	381	8.19e-82	311
acsA_147	98.462	384	6	0	1	390	390	0.0	688
acsA_147	81.102	309	66	6	1	378	381	1.77e-78	300
acsA_125	98.462	384	6	0	1	390	390	0.0	688
acsA_125	81.414	311	63	8	1	378	382	3.81e-80	305
acsA_119	98.462	384	6	0	1	390	390	0.0	688
acsA_119	80.628	308	66	8	1	378	382	3.84e-75	289
acsA_109	98.462	384	6	0	1	390	390	0.0	688
acsA_109	81.627	311	64	6	1	378	381	8.19e-82	311
acsA_107	98.462	384	6	0	1	390	390	0.0	688
acsA_107	81.152	310	64	8	1	378	382	1.77e-78	300
acsA_106	98.462	384	6	0	1	390	390	0.0	688
acsA_106	81.102	309	66	6	1	378	381	1.77e-78	300
acsA_99	98.462	384	6	0	1	390	390	0.0	688
acsA_99	81.102	309	66	6	1	378	381	1.77e-78	300
acsA_89	98.462	384	6	0	1	390	390	0.0	688
acsA_88	98.462	384	6	0	1	390	390	0.0	688
acsA_88	81.102	309	66	6	1	378	381	1.77e-78	300
acsA_81	98.462	384	6	0	1	390	390	0.0	688
acsA_81	81.627	311	64	6	1	378	381	8.19e-82	311
acsA_71	98.462	384	6	0	1	390	390	0.0	688
acsA_71	81.152	310	64	8	1	378	382	1.77e-78	300
acsA_69	98.462	384	6	0	1	390	390	0.0	688
acsA_65	98.462	384	6	0	1	390	390	0.0	688
acsA_65	81.102	309	66	6	1	378	381	1.77e-78	300
acsA_61	98.462	384	6	0	1	390	390	0.0	688
acsA_61	81.102	309	66	6	1	378	381	1.77e-78	300
acsA_60	98.462	384	6	0	1	390	390	0.0	688
acsA_60	81.152	310	64	8	1	378	382	1.77e-78	300
acsA_57	98.462	384	6	0	1	390	390	0.0	688
acsA_57	81.102	309	66	6	1	378	381	1.77e-78	300
acsA_53	98.462	384	6	0	1	390	390	0.0	688
acsA_53	81.510	313	59	12	1	378	384	3.81e-80	305
acsA_49	98.462	384	6	0	1	390	390	0.0	688
acsA_49	81.414	311	63	8	1	378	382	3.81e-80	305
acsA_48	98.462	384	6	0	1	390	390	0.0	688
acsA_48	81.102	309	66	6	1	378	381	1.77e-78	300
acsA_38	98.462	384	6	0	1	390	390	0.0	688
acsA_38	81.675	312	62	8	1	378	382	8.19e-82	311
acsA_32	98.462	384	6	0	1	390	390	0.0	688
acsA_32	81.152	310	64	8	1	378	382	1.77e-78	300
acsA_31	98.462	384	6	0	1	390	390	0.0	688
acsA_31	81.102	309	66	6	1	378	381	1.77e-78	300
acsA_26	98.462	384	6	0	1	390	390	0.0	688
acsA_26	81.414	311	63	8	1	378	382	3.81e-80	305
acsA_24	98.462	384	6	0	1	390	390	0.0	688
acsA_24	81.675	312	62	8	1	378	382	8.19e-82	311
acsA_11	98.462	384	6	0	1	390	390	0.0	688
acsA_11	81.627	311	64	6	1	378	381	8.19e-82	311
acsA_10	98.462	384	6	0	1	390	390	0.0	688
acsA_10	81.152	310	64	8	1	378	382	1.77e-78	300
ppsA_1	100.000	370	0	0	1	370	370	0.0	684
guaA_212	99.732	372	1	0	373	1	373	0.0	684
guaA_158	99.732	372	1	0	373	1	373	0.0	684
guaA_146	99.732	372	1	0	373	1	373	0.0	684
guaA_128	99.732	372	1	0	373	1	373	0.0	684
guaA_98	99.732	372	1	0	373	1	373	0.0	684
guaA_94	99.732	372	1	0	373	1	373	0.0	684
guaA_51	99.732	372	1	0	373	1	373	0.0	684
guaA_41	99.732	372	1	0	373	1	373	0.0	684
guaA_36	99.732	372	1	0	373	1	373	0.0	684
guaA_31	99.732	372	1	0	373	1	373	0.0	684
guaA_28	99.732	372	1	0	373	1	373	0.0	684
guaA_9	99.732	372	1	0	373	1	373	0.0	684
guaA_7	99.732	372	1	0	373	1	373	0.0	684
guaA_6	99.732	372	1	0	373	1	373	0.0	684
guaA_5	99.732	372	1	0	373	1	373	0.0	684
acsA_258	98.205	383	7	0	1	390	390	0.0	682
acsA_255	98.205	383	7	0	1	390	390	0.0	682
acsA_255	81.414	311	63	8	1	378	382	3.81e-80	305
acsA_247	98.205	383	7	0	1	390	390	0.0	682
acsA_247	80.890	309	65	8	1	378	382	8.25e-77	294
acsA_222	98.205	383	7	0	1	390	390	0.0	682
acsA_222	80.890	309	65	8	1	378	382	8.25e-77	294
acsA_217	98.205	383	7	0	1	390	390	0.0	682
acsA_217	80.366	307	67	8	1	378	382	1.79e-73	283
acsA_216	98.205	383	7	0	1	390	390	0.0	682
acsA_215	98.205	383	7	0	1	390	390	0.0	682
acsA_215	81.675	312	62	8	1	378	382	8.19e-82	311
acsA_210	98.205	383	7	0	1	390	390	0.0	682
acsA_197	98.205	383	7	0	1	390	390	0.0	682
acsA_197	81.627	311	64	6	1	378	381	8.19e-82	311
acsA_194	98.205	383	7	0	1	390	390	0.0	682
acsA_194	81.152	310	64	8	1	378	382	1.77e-78	300
acsA_190	98.205	383	7	0	1	390	390	0.0	682
acsA_190	81.365	310	65	6	1	378	381	3.81e-80	305
acsA_184	98.205	383	7	0	1	390	390	0.0	682
acsA_184	81.365	310	65	6	1	378	381	3.81e-80	305
acsA_161	98.205	383	7	0	1	390	390	0.0	682
acsA_161	81.365	310	65	6	1	378	381	3.81e-80	305
acsA_124	98.205	383	7	0	1	390	390	0.0	682
acsA_124	81.627	311	64	6	1	378	381	8.19e-82	311
acsA_122	98.205	383	7	0	1	390	390	0.0	682
acsA_122	81.627	311	64	6	1	378	381	8.19e-82	311
acsA_118	98.205	383	7	0	1	390	390	0.0	682
acsA_118	81.414	311	63	8	1	378	382	3.81e-80	305
acsA_116	98.205	383	7	0	1	390	390	0.0	682
acsA_116	81.627	311	64	6	1	378	381	8.19e-82	311
acsA_115	98.205	383	7	0	1	390	390	0.0	682
acsA_115	81.365	310	65	6	1	378	381	3.81e-80	305
acsA_112	98.205	383	7	0	1	390	390	0.0	682
acsA_112	81.365	310	65	6	1	378	381	3.81e-80	305
acsA_104	98.205	383	7	0	1	390	390	0.0	682
acsA_104	81.152	310	64	8	1	378	382	1.77e-78	300
acsA_72	98.205	383	7	0	1	390	390	0.0	682
acsA_72	81.365	310	65	6	1	378	381	3.81e-80	305
acsA_52	98.205	383	7	0	1	390	390	0.0	682
acsA_52	81.627	311	64	6	1	378	381	8.19e-82	311
acsA_43	98.205	383	7	0	1	390	390	0.0	682
acsA_40	98.205	383	7	0	1	390	390	0.0	682
acsA_40	81.365	310	65	6	1	378	381	3.81e-80	305
acsA_34	98.205	383	7	0	1	390	390	0.0	682
acsA_34	81.365	310	65	6	1	378	381	3.81e-80	305
acsA_23	98.205	383	7	0	1	390	390	0.0	682
acsA_23	81.414	311	63	8	1	378	382	3.81e-80	305
acsA_18	98.205	383	7	0	1	390	390	0.0	682
acsA_18	81.890	312	63	6	1	378	381	1.76e-83	316
acsA_13	98.205	383	7	0	1	390	390	0.0	682
acsA_13	81.414	311	63	8	1	378	382	3.81e-80	305
acsA_8	98.205	383	7	0	1	390	390	0.0	682
acsA_8	81.365	310	65	6	1	378	381	3.81e-80	305
acsA_5	98.205	383	7	0	1	390	390	0.0	682
acsA_5	81.365	310	65	6	1	378	381	3.81e-80	305
ppsA_203	99.730	369	1	0	1	370	370	0.0	678
ppsA_173	99.730	369	1	0	1	370	370	0.0	678
ppsA_162	99.730	369	1	0	1	370	370	0.0	678
ppsA_101	99.730	369	1	0	1	370	370	0.0	678
ppsA_60	99.730	369	1	0	1	370	370	0.0	678
ppsA_52	99.730	369	1	0	1	370	370	0.0	678
ppsA_35	99.730	369	1	0	1	370	370	0.0	678
ppsA_11	99.730	369	1	0	1	370	370	0.0	678
ppsA_10	99.730	369	1	0	1	370	370	0.0	678
ppsA_7	99.730	369	1	0	1	370	370	0.0	678
guaA_215	99.464	371	2	0	373	1	373	0.0	678
guaA_214	99.464	371	2	0	373	1	373	0.0	678
guaA_211	99.464	371	2	0	373	1	373	0.0	678
guaA_207	99.464	371	2	0	373	1	373	0.0	678
guaA_205	99.464	371	2	0	373	1	373	0.0	678
guaA_200	99.464	371	2	0	373	1	373	0.0	678
guaA_199	99.464	371	2	0	373	1	373	0.0	678
guaA_196	99.464	371	2	0	373	1	373	0.0	678
guaA_194	99.464	371	2	0	373	1	373	0.0	678
guaA_193	99.464	371	2	0	373	1	373	0.0	678
guaA_189	99.464	371	2	0	373	1	373	0.0	678
guaA_187	99.464	371	2	0	373	1	373	0.0	678
guaA_186	99.464	371	2	0	373	1	373	0.0	678
guaA_185	99.464	371	2	0	373	1	373	0.0	678
guaA_183	99.464	371	2	0	373	1	373	0.0	678
guaA_181	99.464	371	2	0	373	1	373	0.0	678
guaA_173	99.464	371	2	0	373	1	373	0.0	678
guaA_171	99.464	371	2	0	373	1	373	0.0	678
guaA_168	99.464	371	2	0	373	1	373	0.0	678
guaA_167	99.464	371	2	0	373	1	373	0.0	678
guaA_162	99.464	371	2	0	373	1	373	0.0	678
guaA_160	99.730	369	1	0	370	1	370	0.0	678
guaA_157	99.464	371	2	0	373	1	373	0.0	678
guaA_154	99.464	371	2	0	373	1	373	0.0	678
guaA_151	99.464	371	2	0	373	1	373	0.0	678
guaA_147	99.464	371	2	0	373	1	373	0.0	678
guaA_145	99.464	371	2	0	373	1	373	0.0	678
guaA_143	99.464	371	2	0	373	1	373	0.0	678
guaA_139	99.464	371	2	0	373	1	373	0.0	678
guaA_135	99.464	371	2	0	373	1	373	0.0	678
guaA_132	99.464	371	2	0	373	1	373	0.0	678
guaA_127	99.464	371	2	0	373	1	373	0.0	678
guaA_126	99.464	371	2	0	373	1	373	0.0	678
guaA_108	99.464	371	2	0	373	1	373	0.0	678
guaA_96	99.464	371	2	0	373	1	373	0.0	678
guaA_92	99.464	371	2	0	373	1	373	0.0	678
guaA_91	99.464	371	2	0	373	1	373	0.0	678
guaA_88	99.464	371	2	0	373	1	373	0.0	678
guaA_86	99.464	371	2	0	373	1	373	0.0	678
guaA_79	99.464	371	2	0	373	1	373	0.0	678
guaA_77	99.464	371	2	0	373	1	373	0.0	678
guaA_72	99.464	371	2	0	373	1	373	0.0	678
guaA_64	99.464	371	2	0	373	1	373	0.0	678
guaA_61	99.464	371	2	0	373	1	373	0.0	678
guaA_37	99.464	371	2	0	373	1	373	0.0	678
guaA_35	99.464	371	2	0	373	1	373	0.0	678
guaA_26	99.464	371	2	0	373	1	373	0.0	678
guaA_25	99.464	371	2	0	373	1	373	0.0	678
guaA_19	99.464	371	2	0	373	1	373	0.0	678
guaA_16	99.464	371	2	0	373	1	373	0.0	678
guaA_13	99.464	371	2	0	373	1	373	0.0	678
guaA_11	99.464	371	2	0	373	1	373	0.0	678
guaA_10	99.464	371	2	0	373	1	373	0.0	678
guaA_4	99.464	371	2	0	373	1	373	0.0	678
guaA_3	99.464	371	2	0	373	1	373	0.0	678
guaA_1	99.464	371	2	0	373	1	373	0.0	678
nuoD_4	100.000	366	0	0	1	366	366	0.0	676
acsA_266	97.949	382	8	0	1	390	390	0.0	676
acsA_266	81.152	310	64	8	1	378	382	1.77e-78	300
acsA_262	97.949	382	8	0	1	390	390	0.0	676
acsA_262	81.890	312	63	6	1	378	381	1.76e-83	316
acsA_257	97.949	382	8	0	1	390	390	0.0	676
acsA_257	81.152	310	64	8	1	378	382	1.77e-78	300
acsA_251	97.949	382	8	0	1	390	390	0.0	676
acsA_251	81.152	310	64	8	1	378	382	1.77e-78	300
acsA_243	97.949	382	8	0	1	390	390	0.0	676
acsA_243	81.102	309	66	6	1	378	381	1.77e-78	300
acsA_234	97.949	382	8	0	1	390	390	0.0	676
acsA_234	82.461	315	59	8	1	378	382	8.13e-87	327
acsA_230	97.949	382	8	0	1	390	390	0.0	676
acsA_230	83.073	319	53	12	1	378	384	3.76e-90	339
acsA_224	97.949	382	8	0	1	390	390	0.0	676
acsA_224	81.102	309	66	6	1	378	381	1.77e-78	300
acsA_223	97.949	382	8	0	1	390	390	0.0	676
acsA_223	81.365	310	65	6	1	378	381	3.81e-80	305
acsA_188	97.949	382	8	0	1	390	390	0.0	676
acsA_188	81.152	310	64	8	1	378	382	1.77e-78	300
acsA_168	97.949	382	8	0	1	390	390	0.0	676
acsA_168	81.102	309	66	6	1	378	381	1.77e-78	300
acsA_166	97.949	382	8	0	1	390	390	0.0	676
acsA_166	81.152	310	64	8	1	378	382	1.77e-78	300
acsA_156	97.949	382	8	0	1	390	390	0.0	676
acsA_156	81.102	309	66	6	1	378	381	1.77e-78	300
acsA_146	97.949	382	8	0	1	390	390	0.0	676
acsA_146	81.984	314	59	10	1	378	383	1.76e-83	316
acsA_142	97.949	382	8	0	1	390	390	0.0	676
acsA_142	81.102	309	66	6	1	378	381	1.77e-78	300
acsA_131	97.949	382	8	0	1	390	390	0.0	676
acsA_131	81.152	310	64	8	1	378	382	1.77e-78	300
acsA_127	97.949	382	8	0	1	390	390	0.0	676
acsA_127	81.627	311	64	6	1	378	381	8.19e-82	311
acsA_123	97.949	382	8	0	1	390	390	0.0	676
acsA_123	81.102	309	66	6	1	378	381	1.77e-78	300
acsA_105	97.949	382	8	0	1	390	390	0.0	676
acsA_105	81.102	309	66	6	1	378	381	1.77e-78	300
acsA_103	97.949	382	8	0	1	390	390	0.0	676
acsA_103	81.102	309	66	6	1	378	381	1.77e-78	300
acsA_91	97.949	382	8	0	1	390	390	0.0	676
acsA_91	81.102	309	66	6	1	378	381	1.77e-78	300
acsA_85	97.949	382	8	0	1	390	390	0.0	676
acsA_85	81.102	309	66	6	1	378	381	1.77e-78	300
acsA_75	97.949	382	8	0	1	390	390	0.0	676
acsA_68	97.949	382	8	0	1	390	390	0.0	676
acsA_68	81.510	313	59	12	1	378	384	3.81e-80	305
acsA_66	97.949	382	8	0	1	390	390	0.0	676
acsA_66	81.152	310	64	8	1	378	382	1.77e-78	300
acsA_59	97.949	382	8	0	1	390	390	0.0	676
acsA_59	81.365	310	65	6	1	378	381	3.81e-80	305
acsA_58	97.949	382	8	0	1	390	390	0.0	676
acsA_58	81.152	310	64	8	1	378	382	1.77e-78	300
acsA_50	97.949	382	8	0	1	390	390	0.0	676
acsA_50	81.102	309	66	6	1	378	381	1.77e-78	300
acsA_44	97.949	382	8	0	1	390	390	0.0	676
acsA_44	81.102	309	66	6	1	378	381	1.77e-78	300
acsA_33	97.949	382	8	0	1	390	390	0.0	676
acsA_33	81.102	309	66	6	1	378	381	1.77e-78	300
acsA_29	97.949	382	8	0	1	390	390	0.0	676
acsA_29	81.102	309	66	6	1	378	381	1.77e-78	300
acsA_27	97.949	382	8	0	1	390	390	0.0	676
acsA_27	81.627	311	64	6	1	378	381	8.19e-82	311
acsA_14	97.949	382	8	0	1	390	390	0.0	676
acsA_14	81.675	312	62	8	1	378	382	8.19e-82	311
acsA_12	97.949	382	8	0	1	390	390	0.0	676
acsA_12	81.152	310	64	8	1	378	382	1.77e-78	300
acsA_9	97.949	382	8	0	1	390	390	0.0	676
acsA_4	97.949	382	8	0	1	390	390	0.0	676
acsA_4	81.365	310	65	6	1	378	381	3.81e-80	305
acsA_130	97.943	381	8	0	1	389	389	0.0	675
acsA_130	81.627	311	64	6	1	378	381	8.19e-82	311
ppsA_183	99.459	368	2	0	1	370	370	0.0	673
ppsA_174	99.459	368	2	0	1	370	370	0.0	673
ppsA_172	99.459	368	2	0	1	370	370	0.0	673
ppsA_149	99.459	368	2	0	1	370	370	0.0	673
ppsA_139	99.459	368	2	0	1	370	370	0.0	673
ppsA_126	99.459	368	2	0	1	370	370	0.0	673
ppsA_105	99.459	368	2	0	1	370	370	0.0	673
ppsA_104	99.459	368	2	0	1	370	370	0.0	673
ppsA_86	99.459	368	2	0	1	370	370	0.0	673
ppsA_47	99.459	368	2	0	1	370	370	0.0	673
ppsA_45	99.459	368	2	0	1	370	370	0.0	673
ppsA_43	99.459	368	2	0	1	370	370	0.0	673
ppsA_41	99.459	368	2	0	1	370	370	0.0	673
ppsA_33	99.459	368	2	0	1	370	370	0.0	673
ppsA_32	99.459	368	2	0	1	370	370	0.0	673
ppsA_28	99.459	368	2	0	1	370	370	0.0	673
ppsA_26	99.459	368	2	0	1	370	370	0.0	673
ppsA_20	99.459	368	2	0	1	370	370	0.0	673
ppsA_18	99.459	368	2	0	1	370	370	0.0	673
ppsA_17	99.459	368	2	0	1	370	370	0.0	673
guaA_216	99.196	370	3	0	373	1	373	0.0	673
guaA_213	99.196	370	3	0	373	1	373	0.0	673
guaA_210	99.196	370	3	0	373	1	373	0.0	673
guaA_209	99.196	370	3	0	373	1	373	0.0	673
guaA_204	99.196	370	3	0	373	1	373	0.0	673
guaA_203	99.196	370	3	0	373	1	373	0.0	673
guaA_202	99.196	370	3	0	373	1	373	0.0	673
guaA_195	99.196	370	3	0	373	1	373	0.0	673
guaA_190	99.196	370	3	0	373	1	373	0.0	673
guaA_184	99.196	370	3	0	373	1	373	0.0	673
guaA_179	99.196	370	3	0	373	1	373	0.0	673
guaA_177	99.196	370	3	0	373	1	373	0.0	673
guaA_176	99.196	370	3	0	373	1	373	0.0	673
guaA_174	99.196	370	3	0	373	1	373	0.0	673
guaA_170	99.196	370	3	0	373	1	373	0.0	673
guaA_165	99.196	370	3	0	373	1	373	0.0	673
guaA_164	99.196	370	3	0	373	1	373	0.0	673
guaA_163	99.196	370	3	0	373	1	373	0.0	673
guaA_161	99.196	370	3	0	373	1	373	0.0	673
guaA_159	99.196	370	3	0	373	1	373	0.0	673
guaA_153	99.196	370	3	0	373	1	373	0.0	673
guaA_152	99.196	370	3	0	373	1	373	0.0	673
guaA_150	99.196	370	3	0	373	1	373	0.0	673
guaA_149	99.196	370	3	0	373	1	373	0.0	673
guaA_148	99.196	370	3	0	373	1	373	0.0	673
guaA_142	99.196	370	3	0	373	1	373	0.0	673
guaA_140	99.196	370	3	0	373	1	373	0.0	673
guaA_137	99.196	370	3	0	373	1	373	0.0	673
guaA_134	99.196	370	3	0	373	1	373	0.0	673
guaA_133	99.196	370	3	0	373	1	373	0.0	673
guaA_130	99.196	370	3	0	373	1	373	0.0	673
guaA_129	99.196	370	3	0	373	1	373	0.0	673
guaA_125	99.196	370	3	0	373	1	373	0.0	673
guaA_124	99.196	370	3	0	373	1	373	0.0	673
guaA_123	99.196	370	3	0	373	1	373	0.0	673
guaA_122	99.196	370	3	0	373	1	373	0.0	673
guaA_119	99.196	370	3	0	373	1	373	0.0	673
guaA_112	99.196	370	3	0	373	1	373	0.0	673
guaA_111	99.196	370	3	0	373	1	373	0.0	673
guaA_109	99.196	370	3	0	373	1	373	0.0	673
guaA_107	99.196	370	3	0	373	1	373	0.0	673
guaA_106	99.459	368	2	0	370	1	370	0.0	673
guaA_101	99.196	370	3	0	373	1	373	0.0	673
guaA_99	99.196	370	3	0	373	1	373	0.0	673
guaA_93	99.196	370	3	0	373	1	373	0.0	673
guaA_83	99.196	370	3	0	373	1	373	0.0	673
guaA_80	99.196	370	3	0	373	1	373	0.0	673
guaA_78	99.196	370	3	0	373	1	373	0.0	673
guaA_75	99.196	370	3	0	373	1	373	0.0	673
guaA_74	99.196	370	3	0	373	1	373	0.0	673
guaA_73	99.196	370	3	0	373	1	373	0.0	673
guaA_70	99.196	370	3	0	373	1	373	0.0	673
guaA_69	99.196	370	3	0	373	1	373	0.0	673
guaA_67	99.196	370	3	0	373	1	373	0.0	673
guaA_66	99.196	370	3	0	373	1	373	0.0	673
guaA_65	99.196	370	3	0	373	1	373	0.0	673
guaA_63	99.196	370	3	0	373	1	373	0.0	673
guaA_62	99.196	370	3	0	373	1	373	0.0	673
guaA_60	99.196	370	3	0	373	1	373	0.0	673
guaA_59	99.196	370	3	0	373	1	373	0.0	673
guaA_55	99.196	370	3	0	373	1	373	0.0	673
guaA_48	99.196	370	3	0	373	1	373	0.0	673
guaA_46	99.196	370	3	0	373	1	373	0.0	673
guaA_45	99.196	370	3	0	373	1	373	0.0	673
guaA_43	99.196	370	3	0	373	1	373	0.0	673
guaA_42	99.196	370	3	0	373	1	373	0.0	673
guaA_40	99.196	370	3	0	373	1	373	0.0	673
guaA_39	99.196	370	3	0	373	1	373	0.0	673
guaA_33	99.196	370	3	0	373	1	373	0.0	673
guaA_32	99.196	370	3	0	373	1	373	0.0	673
guaA_30	99.196	370	3	0	373	1	373	0.0	673
guaA_29	99.196	370	3	0	373	1	373	0.0	673
guaA_22	99.196	370	3	0	373	1	373	0.0	673
guaA_20	99.196	370	3	0	373	1	373	0.0	673
guaA_18	99.196	370	3	0	373	1	373	0.0	673
guaA_15	99.196	370	3	0	373	1	373	0.0	673
guaA_8	99.196	370	3	0	373	1	373	0.0	673
guaA_2	99.196	370	3	0	373	1	373	0.0	673
nuoD_145	99.727	365	1	0	1	366	366	0.0	671
nuoD_144	99.727	365	1	0	1	366	366	0.0	671
nuoD_137	99.727	365	1	0	1	366	366	0.0	671
nuoD_127	99.727	365	1	0	1	366	366	0.0	671
nuoD_114	99.727	365	1	0	1	366	366	0.0	671
nuoD_113	99.727	365	1	0	1	366	366	0.0	671
nuoD_112	99.727	365	1	0	1	366	366	0.0	671
nuoD_110	99.727	365	1	0	1	366	366	0.0	671
nuoD_103	99.727	365	1	0	1	366	366	0.0	671
nuoD_101	99.727	365	1	0	1	366	366	0.0	671
nuoD_96	99.727	365	1	0	1	366	366	0.0	671
nuoD_94	99.727	365	1	0	1	366	366	0.0	671
nuoD_88	99.727	365	1	0	1	366	366	0.0	671
nuoD_83	99.727	365	1	0	1	366	366	0.0	671
nuoD_82	99.727	365	1	0	1	366	366	0.0	671
nuoD_69	99.727	365	1	0	1	366	366	0.0	671
nuoD_67	99.727	365	1	0	1	366	366	0.0	671
nuoD_61	99.727	365	1	0	1	366	366	0.0	671
nuoD_59	99.727	365	1	0	1	366	366	0.0	671
nuoD_52	99.727	365	1	0	1	366	366	0.0	671
nuoD_49	99.727	365	1	0	1	366	366	0.0	671
nuoD_45	99.727	365	1	0	1	366	366	0.0	671
nuoD_43	99.727	365	1	0	1	366	366	0.0	671
nuoD_31	99.727	365	1	0	1	366	366	0.0	671
nuoD_29	99.727	365	1	0	1	366	366	0.0	671
nuoD_26	99.727	365	1	0	1	366	366	0.0	671
nuoD_21	99.727	365	1	0	1	366	366	0.0	671
nuoD_19	99.727	365	1	0	1	366	366	0.0	671
nuoD_9	99.727	365	1	0	1	366	366	0.0	671
nuoD_1	99.727	365	1	0	1	366	366	0.0	671
guaA_115	99.194	369	3	0	373	2	372	0.0	671
acsA_269	97.692	381	9	0	1	390	390	0.0	671
acsA_269	81.627	311	64	6	1	378	381	8.19e-82	311
acsA_232	97.692	381	9	0	1	390	390	0.0	671
acsA_232	81.890	312	63	6	1	378	381	1.76e-83	316
acsA_192	97.692	381	9	0	1	390	390	0.0	671
acsA_192	80.890	309	65	8	1	378	382	8.25e-77	294
acsA_179	97.692	381	9	0	1	390	390	0.0	671
acsA_179	81.365	310	65	6	1	378	381	3.81e-80	305
acsA_128	97.692	381	9	0	1	390	390	0.0	671
acsA_128	80.890	309	65	8	1	378	382	8.25e-77	294
acsA_97	97.692	381	9	0	1	390	390	0.0	671
acsA_97	80.840	308	67	6	1	378	381	8.25e-77	294
acsA_86	97.692	381	9	0	1	390	390	0.0	671
acsA_86	81.627	311	64	6	1	378	381	8.19e-82	311
acsA_51	97.692	381	9	0	1	390	390	0.0	671
acsA_51	80.840	308	67	6	1	378	381	8.25e-77	294
ppsA_196	99.189	367	3	0	1	370	370	0.0	667
ppsA_195	99.189	367	3	0	1	370	370	0.0	667
ppsA_135	99.189	367	3	0	1	370	370	0.0	667
ppsA_133	99.189	367	3	0	1	370	370	0.0	667
ppsA_125	99.189	367	3	0	1	370	370	0.0	667
ppsA_123	99.189	367	3	0	1	370	370	0.0	667
ppsA_95	99.189	367	3	0	1	370	370	0.0	667
ppsA_90	99.189	367	3	0	1	370	370	0.0	667
ppsA_88	99.189	367	3	0	1	370	370	0.0	667
ppsA_75	99.189	367	3	0	1	370	370	0.0	667
ppsA_65	99.189	367	3	0	1	370	370	0.0	667
ppsA_64	99.189	367	3	0	1	370	370	0.0	667
ppsA_63	99.189	367	3	0	1	370	370	0.0	667
ppsA_38	99.189	367	3	0	1	370	370	0.0	667
ppsA_21	99.189	367	3	0	1	370	370	0.0	667
ppsA_16	99.189	367	3	0	1	370	370	0.0	667
ppsA_15	99.189	367	3	0	1	370	370	0.0	667
ppsA_6	99.189	367	3	0	1	370	370	0.0	667
ppsA_4	99.189	367	3	0	1	370	370	0.0	667
guaA_201	98.928	369	4	0	373	1	373	0.0	667
guaA_198	98.928	369	4	0	373	1	373	0.0	667
guaA_192	98.928	369	4	0	373	1	373	0.0	667
guaA_191	98.928	369	4	0	373	1	373	0.0	667
guaA_182	98.928	369	4	0	373	1	373	0.0	667
guaA_178	98.928	369	4	0	373	1	373	0.0	667
guaA_175	98.928	369	4	0	373	1	373	0.0	667
guaA_172	98.928	369	4	0	373	1	373	0.0	667
guaA_169	98.928	369	4	0	373	1	373	0.0	667
guaA_166	98.928	369	4	0	373	1	373	0.0	667
guaA_156	98.928	369	4	0	373	1	373	0.0	667
guaA_141	98.928	369	4	0	373	1	373	0.0	667
guaA_138	98.928	369	4	0	373	1	373	0.0	667
guaA_131	98.928	369	4	0	373	1	373	0.0	667
guaA_114	98.928	369	4	0	373	1	373	0.0	667
guaA_113	98.928	369	4	0	373	1	373	0.0	667
guaA_110	98.928	369	4	0	373	1	373	0.0	667
guaA_105	98.928	369	4	0	373	1	373	0.0	667
guaA_97	98.928	369	4	0	373	1	373	0.0	667
guaA_95	98.928	369	4	0	373	1	373	0.0	667
guaA_85	98.928	369	4	0	373	1	373	0.0	667
guaA_84	98.928	369	4	0	373	1	373	0.0	667
guaA_71	98.928	369	4	0	373	1	373	0.0	667
guaA_68	98.928	369	4	0	373	1	373	0.0	667
guaA_58	98.928	369	4	0	373	1	373	0.0	667
guaA_57	98.928	369	4	0	373	1	373	0.0	667
guaA_56	98.928	369	4	0	373	1	373	0.0	667
guaA_38	98.928	369	4	0	373	1	373	0.0	667
guaA_34	98.928	369	4	0	373	1	373	0.0	667
guaA_27	98.928	369	4	0	373	1	373	0.0	667
guaA_24	98.928	369	4	0	373	1	373	0.0	667
guaA_23	98.928	369	4	0	373	1	373	0.0	667
guaA_21	98.928	369	4	0	373	1	373	0.0	667
guaA_17	98.928	369	4	0	373	1	373	0.0	667
acsA_94	97.455	383	7	3	1	393	393	0.0	667
nuoD_149	99.454	364	2	0	1	366	366	0.0	665
nuoD_147	99.454	364	2	0	1	366	366	0.0	665
nuoD_143	99.454	364	2	0	1	366	366	0.0	665
nuoD_142	99.454	364	2	0	1	366	366	0.0	665
nuoD_140	99.454	364	2	0	1	366	366	0.0	665
nuoD_131	99.454	364	2	0	1	366	366	0.0	665
nuoD_129	99.454	364	2	0	1	366	366	0.0	665
nuoD_128	99.454	364	2	0	1	366	366	0.0	665
nuoD_123	99.454	364	2	0	1	366	366	0.0	665
nuoD_121	99.454	364	2	0	1	366	366	0.0	665
nuoD_108	99.454	364	2	0	1	366	366	0.0	665
nuoD_107	99.454	364	2	0	1	366	366	0.0	665
nuoD_106	99.454	364	2	0	1	366	366	0.0	665
nuoD_100	99.454	364	2	0	1	366	366	0.0	665
nuoD_97	99.454	364	2	0	1	366	366	0.0	665
nuoD_93	99.454	364	2	0	1	366	366	0.0	665
nuoD_92	99.454	364	2	0	1	366	366	0.0	665
nuoD_91	99.454	364	2	0	1	366	366	0.0	665
nuoD_76	99.454	364	2	0	1	366	366	0.0	665
nuoD_73	99.454	364	2	0	1	366	366	0.0	665
nuoD_71	99.454	364	2	0	1	366	366	0.0	665
nuoD_68	99.454	364	2	0	1	366	366	0.0	665
nuoD_66	99.454	364	2	0	1	366	366	0.0	665
nuoD_64	99.454	364	2	0	1	366	366	0.0	665
nuoD_63	99.454	364	2	0	1	366	366	0.0	665
nuoD_50	99.454	364	2	0	1	366	366	0.0	665
nuoD_46	99.454	364	2	0	1	366	366	0.0	665
nuoD_27	99.454	364	2	0	1	366	366	0.0	665
nuoD_23	99.454	364	2	0	1	366	366	0.0	665
nuoD_18	99.454	364	2	0	1	366	366	0.0	665
nuoD_13	99.454	364	2	0	1	366	366	0.0	665
nuoD_12	99.454	364	2	0	1	366	366	0.0	665
nuoD_11	99.454	364	2	0	1	366	366	0.0	665
nuoD_10	99.454	364	2	0	1	366	366	0.0	665
nuoD_5	99.454	364	2	0	1	366	366	0.0	665
nuoD_2	99.454	364	2	0	1	366	366	0.0	665
acsA_241	97.436	380	10	0	1	390	390	0.0	665
acsA_241	83.770	320	54	8	1	378	382	3.73e-95	355
acsA_201	97.436	380	10	0	1	390	390	0.0	665
acsA_78	97.436	380	10	0	1	390	390	0.0	665
acsA_78	81.365	310	65	6	1	378	381	3.81e-80	305
acsA_46	97.436	380	10	0	1	390	390	0.0	665
acsA_46	81.890	312	63	6	1	378	381	1.76e-83	316
ppsA_30	99.185	365	3	0	3	370	368	0.0	664
mutL_224	94.570	418	3	21	421	1	442	0.0	664
ppsA_205	98.919	366	4	0	1	370	370	0.0	662
ppsA_204	98.919	366	4	0	1	370	370	0.0	662
ppsA_202	98.919	366	4	0	1	370	370	0.0	662
ppsA_201	98.919	366	4	0	1	370	370	0.0	662
ppsA_198	98.919	366	4	0	1	370	370	0.0	662
ppsA_194	98.919	366	4	0	1	370	370	0.0	662
ppsA_189	98.919	366	4	0	1	370	370	0.0	662
ppsA_188	98.919	366	4	0	1	370	370	0.0	662
ppsA_187	98.919	366	4	0	1	370	370	0.0	662
ppsA_186	98.919	366	4	0	1	370	370	0.0	662
ppsA_185	98.919	366	4	0	1	370	370	0.0	662
ppsA_178	98.919	366	4	0	1	370	370	0.0	662
ppsA_177	98.919	366	4	0	1	370	370	0.0	662
ppsA_176	98.919	366	4	0	1	370	370	0.0	662
ppsA_170	98.919	366	4	0	1	370	370	0.0	662
ppsA_164	98.922	367	3	1	1	371	371	0.0	662
ppsA_163	98.919	366	4	0	1	370	370	0.0	662
ppsA_161	98.919	366	4	0	1	370	370	0.0	662
ppsA_158	98.919	366	4	0	1	370	370	0.0	662
ppsA_157	98.919	366	4	0	1	370	370	0.0	662
ppsA_156	98.919	366	4	0	1	370	370	0.0	662
ppsA_154	98.919	366	4	0	1	370	370	0.0	662
ppsA_153	98.919	366	4	0	1	370	370	0.0	662
ppsA_152	98.919	366	4	0	1	370	370	0.0	662
ppsA_148	98.919	366	4	0	1	370	370	0.0	662
ppsA_145	98.919	366	4	0	1	370	370	0.0	662
ppsA_144	98.919	366	4	0	1	370	370	0.0	662
ppsA_143	98.919	366	4	0	1	370	370	0.0	662
ppsA_142	98.919	366	4	0	1	370	370	0.0	662
ppsA_137	98.919	366	4	0	1	370	370	0.0	662
ppsA_136	98.919	366	4	0	1	370	370	0.0	662
ppsA_132	98.919	366	4	0	1	370	370	0.0	662
ppsA_129	98.919	366	4	0	1	370	370	0.0	662
ppsA_127	98.919	366	4	0	1	370	370	0.0	662
ppsA_120	98.919	366	4	0	1	370	370	0.0	662
ppsA_117	98.919	366	4	0	1	370	370	0.0	662
ppsA_115	98.919	366	4	0	1	370	370	0.0	662
ppsA_112	98.919	366	4	0	1	370	370	0.0	662
ppsA_103	98.919	366	4	0	1	370	370	0.0	662
ppsA_102	98.919	366	4	0	1	370	370	0.0	662
ppsA_98	98.919	366	4	0	1	370	370	0.0	662
ppsA_96	98.919	366	4	0	1	370	370	0.0	662
ppsA_94	98.919	366	4	0	1	370	370	0.0	662
ppsA_92	98.919	366	4	0	1	370	370	0.0	662
ppsA_91	98.919	366	4	0	1	370	370	0.0	662
ppsA_89	98.919	366	4	0	1	370	370	0.0	662
ppsA_87	98.919	366	4	0	1	370	370	0.0	662
ppsA_85	98.919	366	4	0	1	370	370	0.0	662
ppsA_76	98.919	366	4	0	1	370	370	0.0	662
ppsA_72	98.919	366	4	0	1	370	370	0.0	662
ppsA_71	98.919	366	4	0	1	370	370	0.0	662
ppsA_67	98.919	366	4	0	1	370	370	0.0	662
ppsA_66	98.919	366	4	0	1	370	370	0.0	662
ppsA_62	98.919	366	4	0	1	370	370	0.0	662
ppsA_55	98.919	366	4	0	1	370	370	0.0	662
ppsA_53	98.919	366	4	0	1	370	370	0.0	662
ppsA_51	98.919	366	4	0	1	370	370	0.0	662
ppsA_50	98.919	366	4	0	1	370	370	0.0	662
ppsA_46	98.919	366	4	0	1	370	370	0.0	662
ppsA_40	98.919	366	4	0	1	370	370	0.0	662
ppsA_39	98.919	366	4	0	1	370	370	0.0	662
ppsA_37	98.919	366	4	0	1	370	370	0.0	662
ppsA_34	98.919	366	4	0	1	370	370	0.0	662
ppsA_29	98.919	366	4	0	1	370	370	0.0	662
ppsA_27	98.919	366	4	0	1	370	370	0.0	662
ppsA_25	98.919	366	4	0	1	370	370	0.0	662
ppsA_23	98.919	366	4	0	1	370	370	0.0	662
ppsA_22	98.919	366	4	0	1	370	370	0.0	662
ppsA_19	98.919	366	4	0	1	370	370	0.0	662
ppsA_14	98.919	366	4	0	1	370	370	0.0	662
ppsA_13	98.919	366	4	0	1	370	370	0.0	662
ppsA_12	98.919	366	4	0	1	370	370	0.0	662
ppsA_5	98.919	366	4	0	1	370	370	0.0	662
ppsA_3	98.919	366	4	0	1	370	370	0.0	662
ppsA_2	98.919	366	4	0	1	370	370	0.0	662
guaA_208	98.660	368	5	0	373	1	373	0.0	662
guaA_206	98.660	368	5	0	373	1	373	0.0	662
guaA_197	98.660	368	5	0	373	1	373	0.0	662
guaA_188	98.660	368	5	0	373	1	373	0.0	662
guaA_120	98.660	368	5	0	373	1	373	0.0	662
guaA_118	98.660	368	5	0	373	1	373	0.0	662
guaA_82	98.660	368	5	0	373	1	373	0.0	662
guaA_81	98.660	368	5	0	373	1	373	0.0	662
guaA_54	98.660	368	5	0	373	1	373	0.0	662
guaA_14	98.660	368	5	0	373	1	373	0.0	662
acsA_93	97.201	382	8	3	1	393	393	0.0	662
acsA_93	80.990	311	64	9	1	381	384	2.29e-77	296
nuoD_132	99.180	363	3	0	1	366	366	0.0	660
nuoD_122	99.180	363	3	0	1	366	366	0.0	660
nuoD_95	99.180	363	3	0	1	366	366	0.0	660
nuoD_85	99.180	363	3	0	1	366	366	0.0	660
nuoD_84	99.180	363	3	0	1	366	366	0.0	660
nuoD_74	99.180	363	3	0	1	366	366	0.0	660
nuoD_72	99.180	363	3	0	1	366	366	0.0	660
nuoD_60	99.180	363	3	0	1	366	366	0.0	660
nuoD_58	99.180	363	3	0	1	366	366	0.0	660
nuoD_56	99.180	363	3	0	1	366	366	0.0	660
nuoD_51	99.180	363	3	0	1	366	366	0.0	660
nuoD_40	99.180	363	3	0	1	366	366	0.0	660
nuoD_25	99.180	363	3	0	1	366	366	0.0	660
nuoD_24	99.180	363	3	0	1	366	366	0.0	660
nuoD_22	99.180	363	3	0	1	366	366	0.0	660
nuoD_16	99.180	363	3	0	1	366	366	0.0	660
nuoD_14	99.180	363	3	0	1	366	366	0.0	660
nuoD_8	99.180	363	3	0	1	366	366	0.0	660
nuoD_7	99.180	363	3	0	1	366	366	0.0	660
nuoD_6	99.180	363	3	0	1	366	366	0.0	660
nuoD_3	99.180	363	3	0	1	366	366	0.0	660
acsA_242	97.179	379	11	0	1	390	390	0.0	660
acsA_242	83.246	318	56	8	1	378	382	8.07e-92	344
acsA_227	97.179	379	11	0	1	390	390	0.0	660
acsA_227	81.365	310	65	6	1	378	381	3.81e-80	305
acsA_87	97.179	379	11	0	1	390	390	0.0	660
acsA_87	81.890	312	63	6	1	378	381	1.76e-83	316
ppsA_49	98.913	364	4	0	3	370	368	0.0	658
guaA_180	98.652	366	5	0	373	3	371	0.0	658
ppsA_200	98.652	366	4	1	1	371	371	0.0	656
ppsA_199	98.649	365	5	0	1	370	370	0.0	656
ppsA_197	98.649	365	5	0	1	370	370	0.0	656
ppsA_193	98.649	365	5	0	1	370	370	0.0	656
ppsA_190	98.649	365	5	0	1	370	370	0.0	656
ppsA_184	98.649	365	5	0	1	370	370	0.0	656
ppsA_182	98.649	365	5	0	1	370	370	0.0	656
ppsA_181	98.649	365	5	0	1	370	370	0.0	656
ppsA_179	98.649	365	5	0	1	370	370	0.0	656
ppsA_175	98.649	365	5	0	1	370	370	0.0	656
ppsA_171	98.649	365	5	0	1	370	370	0.0	656
ppsA_168	98.649	365	5	0	1	370	370	0.0	656
ppsA_166	98.649	365	5	0	1	370	370	0.0	656
ppsA_165	98.649	365	5	0	1	370	370	0.0	656
ppsA_159	98.649	365	5	0	1	370	370	0.0	656
ppsA_155	98.649	365	5	0	1	370	370	0.0	656
ppsA_147	98.649	365	5	0	1	370	370	0.0	656
ppsA_146	98.649	365	5	0	1	370	370	0.0	656
ppsA_134	98.649	365	5	0	1	370	370	0.0	656
ppsA_130	98.649	365	5	0	1	370	370	0.0	656
ppsA_124	98.649	365	5	0	1	370	370	0.0	656
ppsA_121	98.649	365	5	0	1	370	370	0.0	656
ppsA_116	98.649	365	5	0	1	370	370	0.0	656
ppsA_114	98.649	365	5	0	1	370	370	0.0	656
ppsA_113	98.649	365	5	0	1	370	370	0.0	656
ppsA_111	98.649	365	5	0	1	370	370	0.0	656
ppsA_74	98.649	365	5	0	1	370	370	0.0	656
ppsA_70	98.649	365	5	0	1	370	370	0.0	656
ppsA_69	98.649	365	5	0	1	370	370	0.0	656
ppsA_61	98.649	365	5	0	1	370	370	0.0	656
ppsA_58	98.649	365	5	0	1	370	370	0.0	656
ppsA_57	98.649	365	5	0	1	370	370	0.0	656
ppsA_56	98.649	365	5	0	1	370	370	0.0	656
ppsA_42	98.649	365	5	0	1	370	370	0.0	656
ppsA_36	98.649	365	5	0	1	370	370	0.0	656
guaA_117	98.391	367	6	0	373	1	373	0.0	656
guaA_76	98.391	367	6	0	373	1	373	0.0	656
guaA_52	98.649	365	5	0	370	1	370	0.0	656
nuoD_148	98.907	362	4	0	1	366	366	0.0	654
nuoD_146	98.907	362	4	0	1	366	366	0.0	654
nuoD_136	98.907	362	4	0	1	366	366	0.0	654
nuoD_130	98.907	362	4	0	1	366	366	0.0	654
nuoD_125	98.907	362	4	0	1	366	366	0.0	654
nuoD_124	98.907	362	4	0	1	366	366	0.0	654
nuoD_120	98.907	362	4	0	1	366	366	0.0	654
nuoD_117	98.907	362	4	0	1	366	366	0.0	654
nuoD_116	98.907	362	4	0	1	366	366	0.0	654
nuoD_115	98.907	362	4	0	1	366	366	0.0	654
nuoD_111	98.907	362	4	0	1	366	366	0.0	654
nuoD_109	98.907	362	4	0	1	366	366	0.0	654
nuoD_105	98.907	362	4	0	1	366	366	0.0	654
nuoD_104	98.907	362	4	0	1	366	366	0.0	654
nuoD_99	98.907	362	4	0	1	366	366	0.0	654
nuoD_98	98.907	362	4	0	1	366	366	0.0	654
nuoD_87	98.907	362	4	0	1	366	366	0.0	654
nuoD_81	98.907	362	4	0	1	366	366	0.0	654
nuoD_78	98.907	362	4	0	1	366	366	0.0	654
nuoD_75	98.907	362	4	0	1	366	366	0.0	654
nuoD_70	98.907	362	4	0	1	366	366	0.0	654
nuoD_55	98.907	362	4	0	1	366	366	0.0	654
nuoD_44	98.907	362	4	0	1	366	366	0.0	654
nuoD_42	98.907	362	4	0	1	366	366	0.0	654
nuoD_15	98.907	362	4	0	1	366	366	0.0	654
acsA_235	96.923	378	12	0	1	390	390	0.0	654
acsA_235	82.940	316	59	6	1	378	381	3.76e-90	339
acsA_226	96.923	378	12	0	1	390	390	0.0	654
acsA_226	83.508	319	55	8	1	378	382	1.74e-93	350
acsA_213	96.923	378	12	0	1	390	390	0.0	654
acsA_213	81.627	311	64	6	1	378	381	8.19e-82	311
acsA_90	96.923	378	12	0	1	390	390	0.0	654
acsA_90	82.031	315	57	12	1	378	384	1.76e-83	316
acsA_73	96.923	378	12	0	1	390	390	0.0	654
acsA_73	81.890	312	63	6	1	378	381	1.76e-83	316
acsA_45	96.923	378	12	0	1	390	390	0.0	654
acsA_45	81.627	311	64	6	1	378	381	8.19e-82	311
trpE_145	93.228	413	30	0	1	443	443	0.0	652
nuoD_138	98.907	362	3	1	1	365	366	0.0	652
ppsA_68	98.378	364	6	0	1	370	370	0.0	651
ppsA_31	98.378	364	6	0	1	370	370	0.0	651
nuoD_133	98.634	361	5	0	1	366	366	0.0	649
nuoD_118	98.634	361	5	0	1	366	366	0.0	649
nuoD_62	98.634	361	5	0	1	366	366	0.0	649
nuoD_57	98.634	361	5	0	1	366	366	0.0	649
nuoD_47	98.634	361	5	0	1	366	366	0.0	649
nuoD_30	98.634	361	5	0	1	366	366	0.0	649
acsA_239	96.667	377	13	0	1	390	390	0.0	649
acsA_239	83.246	318	56	8	1	378	382	8.07e-92	344
trpE_248	93.002	412	31	0	1	443	443	0.0	647
trpE_177	93.002	412	31	0	1	443	443	0.0	647
trpE_129	93.002	412	31	0	1	443	443	0.0	647
ppsA_150	98.108	363	7	0	1	370	370	0.0	645
nuoD_134	98.361	360	6	0	1	366	366	0.0	643
nuoD_119	98.361	360	6	0	1	366	366	0.0	643
nuoD_39	98.361	360	6	0	1	366	366	0.0	643
trpE_180	92.777	411	32	0	1	443	443	0.0	641
trpE_147	92.777	411	32	0	1	443	443	0.0	641
trpE_146	92.777	411	32	0	1	443	443	0.0	641
trpE_144	92.777	411	32	0	1	443	443	0.0	641
trpE_135	92.777	411	32	0	1	443	443	0.0	641
ppsA_167	97.838	362	8	0	1	370	370	0.0	640
ppsA_151	97.838	362	8	0	1	370	370	0.0	640
nuoD_54	98.087	359	7	0	1	366	366	3.31e-180	638
nuoD_48	98.087	359	7	0	1	366	366	3.31e-180	638
nuoD_28	98.087	359	7	0	1	366	366	3.31e-180	638
mutL_105	92.760	410	30	2	442	2	442	3.31e-180	638
acsA_236	96.154	375	15	0	1	390	390	3.31e-180	638
acsA_236	82.984	317	57	8	1	378	382	3.76e-90	339
trpE_288	92.551	410	33	0	1	443	443	1.19e-179	636
trpE_197	92.551	410	33	0	1	443	443	1.19e-179	636
trpE_170	92.551	410	33	0	1	443	443	1.19e-179	636
ppsA_180	97.568	361	9	0	1	370	370	4.28e-179	634
ppsA_54	97.568	361	9	0	1	370	370	4.28e-179	634
ppsA_44	97.568	361	9	0	1	370	370	4.28e-179	634
ppsA_24	97.568	361	9	0	1	370	370	4.28e-179	634
mutL_107	92.551	410	31	2	442	1	443	4.28e-179	634
mutL_57	92.551	410	31	2	442	1	443	4.28e-179	634
guaA_144	97.326	364	8	2	373	1	374	4.28e-179	634
ppsA_73	97.561	360	9	0	2	370	369	1.54e-178	632
nuoD_141	97.814	358	8	0	1	366	366	1.54e-178	632
nuoD_139	97.814	358	8	0	1	366	366	1.54e-178	632
nuoD_135	97.814	358	8	0	1	366	366	1.54e-178	632
nuoD_126	97.814	358	8	0	1	366	366	1.54e-178	632
nuoD_102	97.814	358	8	0	1	366	366	1.54e-178	632
nuoD_90	97.814	358	8	0	1	366	366	1.54e-178	632
nuoD_53	97.814	358	8	0	1	366	366	1.54e-178	632
nuoD_20	97.814	358	8	0	1	366	366	1.54e-178	632
acsA_263	95.897	374	16	0	1	390	390	1.54e-178	632
acsA_263	84.252	321	54	6	1	378	381	1.72e-98	366
ppsA_192	97.297	360	10	0	1	370	370	1.99e-177	628
ppsA_141	97.297	360	10	0	1	370	370	1.99e-177	628
ppsA_140	97.297	360	10	0	1	370	370	1.99e-177	628
ppsA_138	97.297	360	10	0	1	370	370	1.99e-177	628
ppsA_128	97.297	360	10	0	1	370	370	1.99e-177	628
ppsA_119	97.297	360	10	0	1	370	370	1.99e-177	628
ppsA_118	97.297	360	10	0	1	370	370	1.99e-177	628
mutL_112	92.325	409	32	2	442	1	443	1.99e-177	628
mutL_111	92.325	409	32	2	442	1	443	1.99e-177	628
mutL_108	92.325	409	32	2	442	1	443	1.99e-177	628
mutL_50	92.325	409	32	2	442	1	443	1.99e-177	628
nuoD_86	97.541	357	9	0	1	366	366	7.16e-177	627
nuoD_35	97.541	357	9	0	1	366	366	7.16e-177	627
nuoD_17	97.541	357	9	0	1	366	366	7.16e-177	627
aroE_179	89.379	446	51	2	1	498	499	7.16e-177	627
acsA_231	95.641	373	17	0	1	390	390	7.16e-177	627
acsA_231	83.727	319	56	6	1	378	381	3.73e-95	355
acsA_177	95.641	373	17	0	1	390	390	7.16e-177	627
acsA_177	84.514	322	53	6	1	378	381	3.70e-100	372
trpE_126	92.099	408	35	0	1	443	443	2.57e-176	625
ppsA_122	97.027	359	11	0	1	370	370	9.26e-176	623
ppsA_59	97.027	359	11	0	1	370	370	9.26e-176	623
mutL_49	92.099	408	33	2	442	1	443	9.26e-176	623
aroE_180	89.178	445	52	2	1	498	499	3.33e-175	621
acsA_228	95.385	372	18	0	1	390	390	3.33e-175	621
acsA_228	83.727	319	56	6	1	378	381	3.73e-95	355
mutL_109	91.874	407	34	2	442	1	443	4.31e-174	617
mutL_52	91.874	407	34	2	442	1	443	4.31e-174	617
guaA_50	96.515	360	13	0	373	1	373	4.31e-174	617
guaA_49	96.515	360	13	0	373	1	373	4.31e-174	617
acsA_229	95.128	371	19	0	1	390	390	1.55e-173	616
acsA_229	84.514	322	53	6	1	378	381	3.70e-100	372
trpE_203	91.648	406	37	0	1	443	443	5.57e-173	614
mutL_104	91.648	406	35	2	442	1	443	2.00e-172	612
guaA_47	96.247	359	14	0	373	1	373	2.00e-172	612
guaA_44	96.247	359	14	0	373	1	373	2.00e-172	612
trpE_196	91.422	405	38	0	1	443	443	2.59e-171	608
mutL_106	91.422	405	36	2	442	1	443	9.33e-171	606
guaA_103	95.979	358	15	0	373	1	373	9.33e-171	606
guaA_100	95.979	358	15	0	373	1	373	9.33e-171	606
guaA_53	95.979	358	15	0	373	1	373	9.33e-171	606
aroE_195	88.732	441	54	2	3	498	497	9.33e-171	606
aroE_34	88.732	441	54	2	3	498	497	9.33e-171	606
guaA_102	95.710	357	16	0	373	1	373	4.34e-169	601
aroE_272	88.531	440	55	2	3	498	497	4.34e-169	601
aroE_205	88.531	440	55	2	3	498	497	4.34e-169	601
aroE_198	88.531	440	55	2	3	498	497	4.34e-169	601
aroE_197	88.531	440	55	2	3	498	497	4.34e-169	601
aroE_148	88.531	440	55	2	3	498	497	4.34e-169	601
aroE_70	88.531	440	55	2	3	498	497	4.34e-169	601
aroE_42	88.531	440	55	2	3	498	497	4.34e-169	601
aroE_313	88.330	439	56	2	3	498	497	2.02e-167	595
aroE_262	88.330	439	56	2	3	498	497	2.02e-167	595
aroE_207	88.330	439	56	2	3	498	497	2.02e-167	595
ppsA_169	95.946	355	3	12	1	358	370	9.39e-166	590
nuoD_32	94.809	347	19	0	1	366	366	3.40e-160	571
acsA_233	93.077	363	27	0	1	390	390	3.40e-160	571
acsA_233	86.089	328	47	6	1	378	381	3.65e-110	405
acsA_138	93.077	363	27	0	1	390	390	3.40e-160	571
guaA_116	94.102	351	22	0	373	1	373	4.40e-159	568
nuoD_77	94.536	346	20	0	1	366	366	1.58e-158	566
acsA_137	92.821	362	28	0	1	390	390	1.58e-158	566
acsA_137	81.462	312	61	10	1	378	383	3.81e-80	305
acsA_136	92.821	362	28	0	1	390	390	1.58e-158	566
acsA_133	92.821	362	28	0	1	390	390	1.58e-158	566
acsA_133	81.201	311	62	10	1	378	383	1.77e-78	300
nuoD_38	94.262	345	21	0	1	366	366	7.36e-157	560
nuoD_34	94.262	345	21	0	1	366	366	7.36e-157	560
acsA_240	92.583	362	27	2	1	390	391	7.36e-157	560
acsA_240	87.105	331	45	4	1	378	380	7.79e-117	427
acsA_135	92.564	361	29	0	1	390	390	7.36e-157	560
acsA_135	80.679	309	64	10	1	378	383	3.84e-75	289
nuoD_80	93.989	344	22	0	1	366	366	3.43e-155	555
nuoD_41	93.989	344	22	0	1	366	366	3.43e-155	555
nuoD_37	93.989	344	22	0	1	366	366	3.43e-155	555
nuoD_33	93.989	344	22	0	1	366	366	3.43e-155	555
acsA_144	92.308	360	30	0	1	390	390	3.43e-155	555
acsA_144	81.201	311	62	10	1	378	383	1.77e-78	300
acsA_143	92.308	360	30	0	1	390	390	3.43e-155	555
acsA_143	80.679	309	64	10	1	378	383	3.84e-75	289
acsA_132	92.308	360	30	0	1	390	390	3.43e-155	555
acsA_132	81.201	311	62	10	1	378	383	1.77e-78	300
nuoD_36	93.716	343	23	0	1	366	366	1.59e-153	549
acsA_139	92.051	359	31	0	1	390	390	1.59e-153	549
acsA_139	81.723	313	60	10	1	378	383	8.19e-82	311
acsA_129	92.051	359	31	0	1	390	390	1.59e-153	549
acsA_129	81.462	312	61	10	1	378	383	3.81e-80	305
acsA_153	92.368	351	25	4	1	378	380	3.45e-150	538
acsA_153	88.265	346	42	4	1	390	392	1.65e-128	466
acsA_149	91.842	349	27	4	1	378	380	7.47e-147	527
acsA_149	88.776	348	40	4	1	390	392	7.63e-132	477
ppsA_160	92.141	340	29	0	2	370	369	3.48e-145	521
ppsA_109	92.141	340	29	0	2	370	369	3.48e-145	521
ppsA_97	92.141	340	29	0	2	370	369	3.48e-145	521
ppsA_8	92.141	340	29	0	2	370	369	3.48e-145	521
acsA_155	91.579	348	28	4	1	378	380	3.48e-145	521
acsA_155	89.031	349	39	4	1	390	392	1.64e-133	483
acsA_152	91.579	348	28	4	1	378	380	3.48e-145	521
acsA_152	89.796	352	36	4	1	390	392	1.63e-138	499
ppsA_131	91.870	339	30	0	2	370	369	1.62e-143	516
ppsA_110	91.870	339	30	0	2	370	369	1.62e-143	516
ppsA_106	91.870	339	30	0	2	370	369	1.62e-143	516
ppsA_100	91.870	339	30	0	2	370	369	1.62e-143	516
ppsA_48	91.870	339	30	0	2	370	369	1.62e-143	516
ppsA_9	91.870	339	30	0	2	370	369	1.62e-143	516
ppsA_191	91.599	338	31	0	2	370	369	7.52e-142	510
ppsA_108	91.599	338	31	0	2	370	369	7.52e-142	510
ppsA_107	91.599	338	31	0	2	370	369	7.52e-142	510
ppsA_99	91.599	338	31	0	2	370	369	7.52e-142	510
ppsA_93	91.599	338	31	0	2	370	369	7.52e-142	510
trpE_103	86.005	381	56	6	2	441	443	1.28e-129	470
trpE_102	86.005	381	56	6	2	441	443	1.28e-129	470
trpE_97	85.779	380	57	6	2	441	443	5.94e-128	464
guaA_87	88.978	331	41	0	373	2	372	7.68e-127	460
trpE_108	85.553	379	58	6	2	441	443	2.76e-126	459
trpE_106	85.553	379	58	6	2	441	443	2.76e-126	459
trpE_104	85.553	379	58	6	2	441	443	2.76e-126	459
trpE_100	85.553	379	58	6	2	441	443	2.76e-126	459
trpE_99	85.553	379	58	6	2	441	443	2.76e-126	459
ppsA_79	88.919	329	39	2	1	369	370	3.57e-125	455
nuoD_79	89.071	326	40	0	1	366	366	3.57e-125	455
trpE_105	85.327	378	59	6	2	441	443	1.29e-124	453
trpE_101	85.327	378	59	6	2	441	443	1.29e-124	453
ppsA_83	88.649	328	40	2	1	369	370	1.66e-123	449
ppsA_81	88.649	328	40	2	1	369	370	1.66e-123	449
nuoD_65	88.798	325	41	0	1	366	366	1.66e-123	449
guaA_89	88.472	330	41	2	373	2	373	1.66e-123	449
guaA_136	88.204	329	44	0	373	1	373	2.15e-122	446
ppsA_80	88.378	327	41	2	1	369	370	7.74e-122	444
ppsA_78	88.378	327	41	2	1	369	370	7.74e-122	444
ppsA_77	88.378	327	41	2	1	369	370	7.74e-122	444
ppsA_84	88.108	326	42	2	1	369	370	3.60e-120	438
ppsA_82	87.838	325	43	2	1	369	370	1.68e-118	433
acsA_120	86.410	337	53	0	1	390	390	7.79e-117	427
guaA_155	85.791	320	53	0	373	1	373	2.20e-107	396
nuoD_89	84.196	309	56	2	1	366	367	3.73e-95	355
aroE_113	78.643	394	97	10	3	498	501	1.05e-85	324
guaA_121	82.306	307	60	6	373	4	373	4.89e-84	318
aroE_116	78.486	394	96	12	3	498	502	4.89e-84	318
aroE_114	78.486	394	96	12	3	498	502	4.89e-84	318
aroE_110	78.443	393	98	10	3	498	501	4.89e-84	318
aroE_90	78.244	392	103	6	1	498	501	1.76e-83	316
aroE_118	78.244	392	99	10	3	498	501	2.28e-82	313
aroE_119	78.088	392	98	12	3	498	502	1.06e-80	307
aroE_117	78.044	391	100	10	3	498	501	1.06e-80	307
aroE_111	77.844	390	101	10	3	498	501	4.93e-79	302
aroE_109	77.888	391	99	12	3	498	502	4.93e-79	302
aroE_115	77.645	389	102	10	3	498	501	2.29e-77	296
